         time            Ca              
    0.0000000000E+00    9.9999999392E-09    5.4589036154E-04
    5.0050002756E-04    2.6957201271E-07    5.4774212185E-04
    1.0010000551E-03    5.2062597433E-07    5.6153669721E-04
    1.5015000245E-03    7.6344099398E-07    6.0390046565E-04
    2.0020001102E-03    9.9828798739E-07    7.0149032399E-04
    2.5025000796E-03    1.2254299691E-06    8.9637259953E-04
    3.0030000489E-03    1.4451200059E-06    1.2513700640E-03
    3.5035000183E-03    1.6575900190E-06    1.8551017856E-03
    4.0040002204E-03    1.8631000103E-06    2.8263491113E-03
    4.5044999570E-03    2.0618599592E-06    4.3174382299E-03
    5.0050001591E-03    2.2540900773E-06    6.5165604465E-03
    5.5055101402E-03    2.4400198981E-06    9.6489470452E-03
    6.0060098767E-03    2.6198499654E-06    1.3976233080E-02
    6.5065100789E-03    2.7937799132E-06    1.9795419648E-02
    7.0070098154E-03    2.9620000532E-06    2.7436101809E-02
    7.5075100176E-03    3.1247000152E-06    3.7256557494E-02
    8.0080097541E-03    3.2820601064E-06    4.9638699740E-02
    8.5085099563E-03    3.4342499475E-06    6.4982138574E-02
    9.0090101585E-03    3.5814500734E-06    8.3697140217E-02
    9.5095103607E-03    3.7238201003E-06    1.0619684309E-01
    1.0010000318E-02    3.8615198719E-06    1.3288758695E-01
    1.0510499589E-02    3.9946999095E-06    1.6416226327E-01
    1.1010999791E-02    4.1235098251E-06    2.0038789511E-01
    1.1511499994E-02    4.2480901357E-06    2.4189774692E-01
    1.2012000196E-02    4.3685899982E-06    2.8898197412E-01
    1.2512500398E-02    4.4851299208E-06    3.4187889099E-01
    1.3012999669E-02    4.5978399612E-06    4.0076801181E-01
    1.3513499871E-02    4.7068601816E-06    4.6576353908E-01
    1.4014000073E-02    4.8123001761E-06    5.3691148758E-01
    1.4514500275E-02    4.9142799980E-06    6.1418235302E-01
    1.5014999546E-02    5.0075000217E-06    6.9749099016E-01
    1.5515499748E-02    4.9248101277E-06    7.8655892611E-01
    1.6016000882E-02    4.8434999371E-06    8.8052129745E-01
    1.6516499221E-02    4.7635298870E-06    9.7842109203E-01
    1.7016999424E-02    4.6848799684E-06    1.0793647766E+00
    1.7517499626E-02    4.6075401769E-06    1.1825132370E+00
    1.8017999828E-02    4.5314700401E-06    1.2871004343E+00
    1.8518500030E-02    4.4566600081E-06    1.3924384117E+00
    1.9019000232E-02    4.3830900722E-06    1.4979195595E+00
    1.9519500434E-02    4.3107402234E-06    1.6030143499E+00
    2.0020000637E-02    4.2395799937E-06    1.7072677612E+00
    2.0520500839E-02    4.1696098378E-06    1.8102958202E+00
    2.1020999178E-02    4.1007901928E-06    1.9117772579E+00
    2.1521499380E-02    4.0331001401E-06    2.0114502907E+00
    2.2021999583E-02    3.9665401346E-06    2.1091022491E+00
    2.2522499785E-02    3.9010801629E-06    2.2045667171E+00
    2.3022999987E-02    3.8367002162E-06    2.2977170944E+00
    2.3523500189E-02    3.7733900626E-06    2.3884594440E+00
    2.4024000391E-02    3.7111299207E-06    2.4767293930E+00
    2.4524500594E-02    3.6498900045E-06    2.5624871254E+00
    2.5025000796E-02    3.5896700865E-06    2.6457149982E+00
    2.5525499135E-02    3.5304399262E-06    2.7264082432E+00
    2.6025999337E-02    3.4721999782E-06    2.8045809269E+00
    2.6526499540E-02    3.4149200019E-06    2.8802547455E+00
    2.7026999742E-02    3.3585799883E-06    2.9534637928E+00
    2.7527499944E-02    3.3031799376E-06    3.0242481232E+00
    2.8028000146E-02    3.2486900636E-06    3.0926532745E+00
    2.8528500348E-02    3.1951099118E-06    3.1587297916E+00
    2.9029000551E-02    3.1424099234E-06    3.2225320339E+00
    2.9529500753E-02    3.0905900985E-06    3.2841153145E+00
    3.0029999092E-02    3.0396199691E-06    3.3435380459E+00
    3.0530499294E-02    2.9894899853E-06    3.4008591175E+00
    3.1030999497E-02    2.9401999200E-06    3.4561374187E+00
    3.1531501561E-02    2.8917199870E-06    3.5094313622E+00
    3.2032001764E-02    2.8440399547E-06    3.5607988834E+00
    3.2532498240E-02    2.7971500458E-06    3.6102976799E+00
    3.3032998443E-02    2.7510400287E-06    3.6579856873E+00
    3.3533498645E-02    2.7056898944E-06    3.7039175034E+00
    3.4033998847E-02    2.6610900932E-06    3.7481479645E+00
    3.4534499049E-02    2.6172299386E-06    3.7907297611E+00
    3.5034999251E-02    2.5740901037E-06    3.8317134380E+00
    3.5535499454E-02    2.5316699066E-06    3.8711502552E+00
    3.6035999656E-02    2.4899500204E-06    3.9090881348E+00
    3.6536499858E-02    2.4489099815E-06    3.9455733299E+00
    3.7037000060E-02    2.4085600216E-06    3.9806520939E+00
    3.7537500262E-02    2.3688799047E-06    4.0143675804E+00
    3.8038000464E-02    2.3298500764E-06    4.0467619896E+00
    3.8538500667E-02    2.2914700821E-06    4.0778760910E+00
    3.9039000869E-02    2.2537199129E-06    4.1077494621E+00
    3.9539501071E-02    2.2166000235E-06    4.1364188194E+00
    4.0040001273E-02    2.1800899503E-06    4.1639213562E+00
    4.0540501475E-02    2.1441899207E-06    4.1902923584E+00
    4.1041001678E-02    2.1088799258E-06    4.2155652046E+00
    4.1541498154E-02    2.0741499611E-06    4.2397723198E+00
    4.2041998357E-02    2.0400000267E-06    4.2629456520E+00
    4.2542498559E-02    2.0064101136E-06    4.2851147652E+00
    4.3042998761E-02    1.9733799945E-06    4.3063087463E+00
    4.3543498963E-02    1.9408998924E-06    4.3265562057E+00
    4.4043999165E-02    1.9089500256E-06    4.3458833694E+00
    4.4544499367E-02    1.8775399440E-06    4.3643159866E+00
    4.5044999570E-02    1.8466399752E-06    4.3818793297E+00
    4.5545499772E-02    1.8162500055E-06    4.3985972404E+00
    4.6045999974E-02    1.7863700350E-06    4.4144935608E+00
    4.6546500176E-02    1.7569800548E-06    4.4295902252E+00
    4.7047000378E-02    1.7280699467E-06    4.4439082146E+00
    4.7547500581E-02    1.6996500563E-06    4.4574689865E+00
    4.8048000783E-02    1.6716900291E-06    4.4702925682E+00
    4.8548500985E-02    1.6441999833E-06    4.4823975563E+00
    4.9049001187E-02    1.6171600237E-06    4.4938030243E+00
    4.9549501389E-02    1.5905700366E-06    4.5045270920E+00
    5.0050098449E-02    1.5644200175E-06    4.5145883560E+00
    5.0550598651E-02    1.5386999621E-06    4.5240001678E+00
    5.1051098853E-02    1.5134099840E-06    4.5327801704E+00
    5.1551599056E-02    1.4885399651E-06    4.5409445763E+00
    5.2052099258E-02    1.4640700101E-06    4.5485081673E+00
    5.2552599460E-02    1.4400200143E-06    4.5554857254E+00
    5.3053099662E-02    1.4163599644E-06    4.5618915558E+00
    5.3553599864E-02    1.3930899740E-06    4.5677394867E+00
    5.4054100066E-02    1.3702100432E-06    4.5730419159E+00
    5.4554600269E-02    1.3477000493E-06    4.5778131485E+00
    5.5055100471E-02    1.3255699969E-06    4.5820641518E+00
    5.5555600673E-02    1.3037999906E-06    4.5858078003E+00
    5.6056100875E-02    1.2824000351E-06    4.5890560150E+00
    5.6556601077E-02    1.2613500076E-06    4.5918197632E+00
    5.7057101279E-02    1.2406400174E-06    4.5941100121E+00
    5.7557601482E-02    1.2202799553E-06    4.5959377289E+00
    5.8058101684E-02    1.2002600442E-06    4.5973134041E+00
    5.8558598161E-02    1.1805600479E-06    4.5982470512E+00
    5.9059098363E-02    1.1611999753E-06    4.5987482071E+00
    5.9559598565E-02    1.1421500403E-06    4.5988273621E+00
    6.0060098767E-02    1.1234200201E-06    4.5984930992E+00
    6.0560598969E-02    1.1050000239E-06    4.5977549553E+00
    6.1061099172E-02    1.0868800473E-06    4.5966210365E+00
    6.1561599374E-02    1.0690599765E-06    4.5951008797E+00
    6.2062099576E-02    1.0515400390E-06    4.5932025909E+00
    6.2562599778E-02    1.0343100030E-06    4.5909342766E+00
    6.3063099980E-02    1.0173599776E-06    4.5883035660E+00
    6.3563600183E-02    1.0006999673E-06    4.5853195190E+00
    6.4064100385E-02    9.8430496109E-07    4.5819888115E+00
    6.4564600587E-02    9.6818496331E-07    4.5783185959E+00
    6.5065100789E-02    9.5233201591E-07    4.5743174553E+00
    6.5565600991E-02    9.3674100299E-07    4.5699911118E+00
    6.6066101193E-02    9.2140800234E-07    4.5653471947E+00
    6.6566601396E-02    9.0632897809E-07    4.5603923798E+00
    6.7067101598E-02    8.9149898486E-07    4.5551333427E+00
    6.7567601800E-02    8.7691500994E-07    4.5495772362E+00
    6.8068102002E-02    8.6257199428E-07    4.5437293053E+00
    6.8568602204E-02    8.4846601567E-07    4.5375976562E+00
    6.9069102407E-02    8.3459400457E-07    4.5311865807E+00
    6.9569602609E-02    8.2095101561E-07    4.5245027542E+00
    7.0070102811E-02    8.0753397924E-07    4.5175528526E+00
    7.0570603013E-02    7.9433800693E-07    4.5103416443E+00
    7.1071103215E-02    7.8136201864E-07    4.5028753281E+00
    7.1571603417E-02    7.6859902265E-07    4.4951591492E+00
    7.2072103620E-02    7.5604799576E-07    4.4871993065E+00
    7.2572596371E-02    7.4370501579E-07    4.4790005684E+00
    7.3073096573E-02    7.3156599001E-07    4.4705681801E+00
    7.3573596776E-02    7.1962801940E-07    4.4619073868E+00
    7.4074096978E-02    7.0788701123E-07    4.4530234337E+00
    7.4574597180E-02    6.9634097599E-07    4.4439215660E+00
    7.5075097382E-02    6.8498502515E-07    4.4346060753E+00
    7.5575597584E-02    6.7381699864E-07    4.4250826836E+00
    7.6076097786E-02    6.6283502065E-07    4.4153552055E+00
    7.6576597989E-02    6.5203397526E-07    4.4054288864E+00
    7.7077098191E-02    6.4141102030E-07    4.3953080177E+00
    7.7577598393E-02    6.3096399572E-07    4.3849978447E+00
    7.8078098595E-02    6.2069102569E-07    4.3745017052E+00
    7.8578598797E-02    6.1058699430E-07    4.3638253212E+00
    7.9079099000E-02    6.0065002572E-07    4.3529720306E+00
    7.9579599202E-02    5.9087801674E-07    4.3419466019E+00
    8.0080099404E-02    5.8126698832E-07    4.3307523727E+00
    8.0580599606E-02    5.7181597413E-07    4.3193945885E+00
    8.1081099808E-02    5.6251997194E-07    4.3078765869E+00
    8.1581600010E-02    5.5337898175E-07    4.2962021828E+00
    8.2082100213E-02    5.4438902453E-07    4.2843761444E+00
    8.2582600415E-02    5.3554697388E-07    4.2724018097E+00
    8.3083100617E-02    5.2685197716E-07    4.2602825165E+00
    8.3583600819E-02    5.1830102166E-07    4.2480225563E+00
    8.4084101021E-02    5.0989098099E-07    4.2356257439E+00
    8.4584601223E-02    5.0161997933E-07    4.2230958939E+00
    8.5085101426E-02    4.9348699349E-07    4.2104358673E+00
    8.5585601628E-02    4.8548702125E-07    4.1976490021E+00
    8.6086101830E-02    4.7762000577E-07    4.1847400665E+00
    8.6586602032E-02    4.6988398594E-07    4.1717109680E+00
    8.7087102234E-02    4.6227501116E-07    4.1585659981E+00
    8.7587602437E-02    4.5479200139E-07    4.1453080177E+00
    8.8088102639E-02    4.4743299554E-07    4.1319403648E+00
    8.8588602841E-02    4.4019600409E-07    4.1184663773E+00
    8.9089103043E-02    4.3307798592E-07    4.1048889160E+00
    8.9589603245E-02    4.2607800310E-07    4.0912117958E+00
    9.0090103447E-02    4.1919400928E-07    4.0774369240E+00
    9.0590603650E-02    4.1242398652E-07    4.0635681152E+00
    9.1091096401E-02    4.0576600213E-07    4.0496082306E+00
    9.1591596603E-02    3.9921800976E-07    4.0355591774E+00
    9.2092096806E-02    3.9277898622E-07    4.0214247704E+00
    9.2592597008E-02    3.8644600409E-07    4.0072078705E+00
    9.3093097210E-02    3.8021698856E-07    3.9929113388E+00
    9.3593597412E-02    3.7409199649E-07    3.9785375595E+00
    9.4094097614E-02    3.6806798676E-07    3.9640891552E+00
    9.4594597816E-02    3.6214399302E-07    3.9495685101E+00
    9.5095098019E-02    3.5631799733E-07    3.9349787235E+00
    9.5595598221E-02    3.5058801018E-07    3.9203219414E+00
    9.6096098423E-02    3.4495300838E-07    3.9056007862E+00
    9.6596598625E-02    3.3941100241E-07    3.8908174038E+00
    9.7097098827E-02    3.3396099752E-07    3.8759746552E+00
    9.7597599030E-02    3.2860100418E-07    3.8610746861E+00
    9.8098099232E-02    3.2332999922E-07    3.8461201191E+00
    9.8598599434E-02    3.1814599311E-07    3.8311128616E+00
    9.9099099636E-02    3.1304799109E-07    3.8160555363E+00
    9.9599599838E-02    3.0803400364E-07    3.8009498119E+00
    1.0010000318E-01    3.0310300758E-07    3.7858014107E+00
    1.0060100257E-01    2.9825301340E-07    3.7705907822E+00
    1.0110100359E-01    2.9348399266E-07    3.7553689480E+00
    1.0160200298E-01    2.8879401270E-07    3.7400772572E+00
    1.0210199654E-01    2.8418099873E-07    3.7247786522E+00
    1.0260300338E-01    2.7964500759E-07    3.7094132900E+00
    1.0310299695E-01    2.7518399293E-07    3.6940455437E+00
    1.0360399634E-01    2.7079599363E-07    3.6786150932E+00
    1.0410399735E-01    2.6648100970E-07    3.6631858349E+00
    1.0460499674E-01    2.6223798955E-07    3.6476974487E+00
    1.0510499775E-01    2.5806500048E-07    3.6322140694E+00
    1.0560599715E-01    2.5395999614E-07    3.6166753769E+00
    1.0610599816E-01    2.4992399972E-07    3.6011450291E+00
    1.0660699755E-01    2.4595499326E-07    3.5855629444E+00
    1.0710699856E-01    2.4205098725E-07    3.5699927807E+00
    1.0760799795E-01    2.3821100115E-07    3.5543739796E+00
    1.0810799897E-01    2.3443600128E-07    3.5387704372E+00
    1.0860899836E-01    2.3072199440E-07    3.5231215954E+00
    1.0910899937E-01    2.2707099845E-07    3.5074913502E+00
    1.0960999876E-01    2.2347900597E-07    3.4918186665E+00
    1.1010999978E-01    2.1994699750E-07    3.4761676788E+00
    1.1061099917E-01    2.1647400672E-07    3.4604771137E+00
    1.1111100018E-01    2.1305700670E-07    3.4448115826E+00
    1.1161199957E-01    2.0969800119E-07    3.4291093349E+00
    1.1211200058E-01    2.0639400589E-07    3.4134349823E+00
    1.1261299998E-01    2.0314500659E-07    3.3977267742E+00
    1.1311300099E-01    1.9994899958E-07    3.3820488453E+00
    1.1361400038E-01    1.9680599905E-07    3.3663399220E+00
    1.1411400139E-01    1.9371600501E-07    3.3506639004E+00
    1.1461500078E-01    1.9067600476E-07    3.3349597454E+00
    1.1511500180E-01    1.8768699306E-07    3.3192908764E+00
    1.1561600119E-01    1.8474699459E-07    3.3035962582E+00
    1.1611600220E-01    1.8185599515E-07    3.2879395485E+00
    1.1661700159E-01    1.7901200522E-07    3.2722597122E+00
    1.1711700261E-01    1.7621600534E-07    3.2566196918E+00
    1.1761800200E-01    1.7346600600E-07    3.2409591675E+00
    1.1811800301E-01    1.7076199299E-07    3.2253413200E+00
    1.1861900240E-01    1.6810200520E-07    3.2097046375E+00
    1.1911900342E-01    1.6548600001E-07    3.1941125393E+00
    1.1962000281E-01    1.6291299687E-07    3.1785037518E+00
    1.2011999637E-01    1.6038400474E-07    3.1629416943E+00
    1.2062100321E-01    1.5789500196E-07    3.1473648548E+00
    1.2112099677E-01    1.5544900123E-07    3.1318373680E+00
    1.2162200361E-01    1.5304199508E-07    3.1162967682E+00
    1.2212199718E-01    1.5067500669E-07    3.1008071899E+00
    1.2262299657E-01    1.4834799344E-07    3.0853071213E+00
    1.2312299758E-01    1.4605899423E-07    3.0698590279E+00
    1.2362399697E-01    1.4380799485E-07    3.0544025898E+00
    1.2412399799E-01    1.4159400052E-07    3.0390000343E+00
    1.2462499738E-01    1.3941699706E-07    3.0235910416E+00
    1.2512500584E-01    1.3727600390E-07    3.0082373619E+00
    1.2562599778E-01    1.3516999786E-07    2.9928793907E+00
    1.2612600625E-01    1.3309899316E-07    2.9775776863E+00
    1.2662699819E-01    1.3106199503E-07    2.9622735977E+00
    1.2712700665E-01    1.2905900348E-07    2.9470276833E+00
    1.2762799859E-01    1.2709000430E-07    2.9317808151E+00
    1.2812800705E-01    1.2515199899E-07    2.9165935516E+00
    1.2862899899E-01    1.2324700549E-07    2.9014067650E+00
    1.2912899256E-01    1.2137300587E-07    2.8862812519E+00
    1.2962999940E-01    1.1953099488E-07    2.8711574078E+00
    1.3012999296E-01    1.1771899722E-07    2.8560962677E+00
    1.3063099980E-01    1.1593599680E-07    2.8410379887E+00
    1.3113099337E-01    1.1418399737E-07    2.8260440826E+00
    1.3163200021E-01    1.1246000042E-07    2.8110542297E+00
    1.3213199377E-01    1.1076500073E-07    2.7961299419E+00
    1.3263300061E-01    1.0909800352E-07    2.7812113762E+00
    1.3313299417E-01    1.0745799983E-07    2.7663593292E+00
    1.3363400102E-01    1.0584599863E-07    2.7515137196E+00
    1.3413399458E-01    1.0426000330E-07    2.7367360592E+00
    1.3463500142E-01    1.0269999962E-07    2.7219665051E+00
    1.3513499498E-01    1.0116699656E-07    2.7072656155E+00
    1.3563600183E-01    9.9658301167E-08    2.6925740242E+00
    1.3613599539E-01    9.8174901098E-08    2.6779518127E+00
    1.3663700223E-01    9.6716000542E-08    2.6633400917E+00
    1.3713699579E-01    9.5281301071E-08    2.6487987041E+00
    1.3763800263E-01    9.3870298201E-08    2.6342692375E+00
    1.3813799620E-01    9.2482700609E-08    2.6198108196E+00
    1.3863900304E-01    9.1117996703E-08    2.6053650379E+00
    1.3913899660E-01    8.9775902268E-08    2.5909912586E+00
    1.3964000344E-01    8.8455998082E-08    2.5766315460E+00
    1.4013999701E-01    8.7157999928E-08    2.5623443127E+00
    1.4064100385E-01    8.5881403322E-08    2.5480718613E+00
    1.4114099741E-01    8.4625902730E-08    2.5338726044E+00
    1.4164200425E-01    8.3391199723E-08    2.5196895599E+00
    1.4214199781E-01    8.2177002980E-08    2.5055799484E+00
    1.4264300466E-01    8.0982800910E-08    2.4914875031E+00
    1.4314299822E-01    7.9808401665E-08    2.4774692059E+00
    1.4364400506E-01    7.8653400237E-08    2.4634690285E+00
    1.4414399862E-01    7.7517597674E-08    2.4495434761E+00
    1.4464500546E-01    7.6400496596E-08    2.4356365204E+00
    1.4514499903E-01    7.5301898050E-08    2.4218051434E+00
    1.4564600587E-01    7.4221496504E-08    2.4079928398E+00
    1.4614599943E-01    7.3159000635E-08    2.3942565918E+00
    1.4664700627E-01    7.2113998328E-08    2.3805406094E+00
    1.4714699984E-01    7.1086297737E-08    2.3669006824E+00
    1.4764800668E-01    7.0075600433E-08    2.3532819748E+00
    1.4814800024E-01    6.9081700360E-08    2.3397397995E+00
    1.4864900708E-01    6.8104199613E-08    2.3262193203E+00
    1.4914900064E-01    6.7142899240E-08    2.3127756119E+00
    1.4964999259E-01    6.6197401338E-08    2.2993547916E+00
    1.5015000105E-01    6.5267599325E-08    2.2860102654E+00
    1.5065099299E-01    6.4353301354E-08    2.2726898193E+00
    1.5115100145E-01    6.3454002941E-08    2.2594459057E+00
    1.5165199339E-01    6.2569597503E-08    2.2462265491E+00
    1.5215200186E-01    6.1699800824E-08    2.2330839634E+00
    1.5265299380E-01    6.0844499217E-08    2.2199666500E+00
    1.5315300226E-01    6.0003202407E-08    2.2069261074E+00
    1.5365399420E-01    5.9175899736E-08    2.1939115524E+00
    1.5415400267E-01    5.8362299882E-08    2.1809740067E+00
    1.5465499461E-01    5.7562200340E-08    2.1680629253E+00
    1.5515500307E-01    5.6775299129E-08    2.1552288532E+00
    1.5565599501E-01    5.6001400850E-08    2.1424217224E+00
    1.5615600348E-01    5.5240299446E-08    2.1296918392E+00
    1.5665699542E-01    5.4491799517E-08    2.1169893742E+00
    1.5715700388E-01    5.3755698559E-08    2.1043643951E+00
    1.5765799582E-01    5.3031701697E-08    2.0917670727E+00
    1.5815800428E-01    5.2319798272E-08    2.0792472363E+00
    1.5865899622E-01    5.1619601038E-08    2.0667557716E+00
    1.5915900469E-01    5.0930999862E-08    2.0543415546E+00
    1.5965999663E-01    5.0253799344E-08    2.0419561863E+00
    1.6016000509E-01    4.9587800532E-08    2.0296480656E+00
    1.6066099703E-01    4.8932800922E-08    2.0173690319E+00
    1.6116100550E-01    4.8288701038E-08    2.0051674843E+00
    1.6166199744E-01    4.7655198898E-08    1.9929952621E+00
    1.6216200590E-01    4.7032198580E-08    1.9809004068E+00
    1.6266299784E-01    4.6419501132E-08    1.9688352346E+00
    1.6316300631E-01    4.5816900496E-08    1.9568474293E+00
    1.6366399825E-01    4.5224400225E-08    1.9448896646E+00
    1.6416400671E-01    4.4641598862E-08    1.9330090284E+00
    1.6466499865E-01    4.4068400484E-08    1.9211586714E+00
    1.6516500711E-01    4.3504801539E-08    1.9093854427E+00
    1.6566599905E-01    4.2950400569E-08    1.8976428509E+00
    1.6616599262E-01    4.2405300604E-08    1.8859773874E+00
    1.6666699946E-01    4.1869100187E-08    1.8743423223E+00
    1.6716699302E-01    4.1341799317E-08    1.8627845049E+00
    1.6766799986E-01    4.0823298519E-08    1.8512572050E+00
    1.6816799343E-01    4.0313299365E-08    1.8398070335E+00
    1.6866900027E-01    3.9811798302E-08    1.8283876181E+00
    1.6916899383E-01    3.9318500455E-08    1.8170452118E+00
    1.6967000067E-01    3.8833501748E-08    1.8057335615E+00
    1.7016999424E-01    3.8356400722E-08    1.7944988012E+00
    1.7067100108E-01    3.7887300408E-08    1.7832951546E+00
    1.7117099464E-01    3.7425898824E-08    1.7721679211E+00
    1.7167200148E-01    3.6972100048E-08    1.7610720396E+00
    1.7217199504E-01    3.6525900526E-08    1.7500523329E+00
    1.7267300189E-01    3.6086998279E-08    1.7390639782E+00
    1.7317299545E-01    3.5655400410E-08    1.7281516790E+00
    1.7367400229E-01    3.5230900863E-08    1.7172708511E+00
    1.7417399585E-01    3.4813499639E-08    1.7064658403E+00
    1.7467500269E-01    3.4402898308E-08    1.6956923008E+00
    1.7517499626E-01    3.3999199900E-08    1.6849942207E+00
    1.7567600310E-01    3.3602098881E-08    1.6743279696E+00
    1.7617599666E-01    3.3211598804E-08    1.6637365818E+00
    1.7667700350E-01    3.2827600194E-08    1.6531772614E+00
    1.7717699707E-01    3.2449900544E-08    1.6426924467E+00
    1.7767800391E-01    3.2078499856E-08    1.6322398186E+00
    1.7817799747E-01    3.1713199178E-08    1.6218613386E+00
    1.7867900431E-01    3.1353998509E-08    1.6115150452E+00
    1.7917899787E-01    3.1000698897E-08    1.6012424231E+00
    1.7968000472E-01    3.0653200866E-08    1.5910021067E+00
    1.8017999828E-01    3.0311500865E-08    1.5808353424E+00
    1.8068100512E-01    2.9975399940E-08    1.5707006454E+00
    1.8118099868E-01    2.9644899868E-08    1.5606392622E+00
    1.8168200552E-01    2.9319899397E-08    1.5506099463E+00
    1.8218199909E-01    2.9000300827E-08    1.5406533480E+00
    1.8268300593E-01    2.8685899878E-08    1.5307289362E+00
    1.8318299949E-01    2.8376799577E-08    1.5208770037E+00
    1.8368400633E-01    2.8072699720E-08    1.5110571384E+00
    1.8418399990E-01    2.7773699784E-08    1.5013092756E+00
    1.8468500674E-01    2.7479600817E-08    1.4915935993E+00
    1.8518500030E-01    2.7190399265E-08    1.4819493294E+00
    1.8568600714E-01    2.6905999206E-08    1.4723373652E+00
    1.8618600070E-01    2.6626299388E-08    1.4627962112E+00
    1.8668699265E-01    2.6351200333E-08    1.4532877207E+00
    1.8718700111E-01    2.6080700266E-08    1.4438492060E+00
    1.8768799305E-01    2.5814600235E-08    1.4344432354E+00
    1.8818800151E-01    2.5552999716E-08    1.4251070023E+00
    1.8868899345E-01    2.5295699757E-08    1.4158033133E+00
    1.8918900192E-01    2.5042600882E-08    1.4065686464E+00
    1.8968999386E-01    2.4793699538E-08    1.3973666430E+00
    1.9019000232E-01    2.4548999278E-08    1.3882331848E+00
    1.9069099426E-01    2.4308299373E-08    1.3791323900E+00
    1.9119100273E-01    2.4071500349E-08    1.3700997829E+00
    1.9169199467E-01    2.3838699903E-08    1.3610994816E+00
    1.9219200313E-01    2.3609700861E-08    1.3521667719E+00
    1.9269299507E-01    2.3384599146E-08    1.3432664871E+00
    1.9319300354E-01    2.3163099883E-08    1.3344333172E+00
    1.9369399548E-01    2.2945300771E-08    1.3256324530E+00
    1.9419400394E-01    2.2731200033E-08    1.3168983459E+00
    1.9469499588E-01    2.2520499243E-08    1.3081961870E+00
    1.9519500434E-01    2.2313399128E-08    1.2995603085E+00
    1.9569599628E-01    2.2109700737E-08    1.2909564972E+00
    1.9619600475E-01    2.1909299264E-08    1.2824182510E+00
    1.9669699669E-01    2.1712299514E-08    1.2739120722E+00
    1.9719700515E-01    2.1518500759E-08    1.2654708624E+00
    1.9769799709E-01    2.1327899447E-08    1.2570616007E+00
    1.9819800556E-01    2.1140499129E-08    1.2487168312E+00
    1.9869899750E-01    2.0956200331E-08    1.2404037714E+00
    1.9919900596E-01    2.0774900023E-08    1.2321548462E+00
    1.9969999790E-01    2.0596599981E-08    1.2239375114E+00
    2.0020000637E-01    2.0421300206E-08    1.2157837152E+00
    2.0070099831E-01    2.0248899446E-08    1.2076612711E+00
    2.0120100677E-01    2.0079300000E-08    1.1996020079E+00
    2.0170199871E-01    1.9912599569E-08    1.1915738583E+00
    2.0220200717E-01    1.9748599200E-08    1.1836084127E+00
    2.0270299911E-01    1.9587300670E-08    1.1756738424E+00
    2.0320299268E-01    1.9428599174E-08    1.1678016186E+00
    2.0370399952E-01    1.9272700769E-08    1.1599599123E+00
    2.0420399308E-01    1.9119200445E-08    1.1521799564E+00
    2.0470499992E-01    1.8968400184E-08    1.1444303989E+00
    2.0520499349E-01    1.8819999781E-08    1.1367422342E+00
    2.0570600033E-01    1.8674100488E-08    1.1290842295E+00
    2.0620599389E-01    1.8530499801E-08    1.1214870214E+00
    2.0670700073E-01    1.8389400225E-08    1.1139197350E+00
    2.0720699430E-01    1.8250599254E-08    1.1064128876E+00
    2.0770800114E-01    1.8114100442E-08    1.0989356041E+00
    2.0820799470E-01    1.7979800759E-08    1.0915182829E+00
    2.0870900154E-01    1.7847799683E-08    1.0841304064E+00
    2.0920899510E-01    1.7717999512E-08    1.0768018961E+00
    2.0971000195E-01    1.7590300772E-08    1.0695027113E+00
    2.1020999551E-01    1.7464699908E-08    1.0622622967E+00
    2.1071100235E-01    1.7341200476E-08    1.0550509691E+00
    2.1121099591E-01    1.7219699444E-08    1.0478978157E+00
    2.1171200275E-01    1.7100299843E-08    1.0407737494E+00
    2.1221199632E-01    1.6982799167E-08    1.0337072611E+00
    2.1271300316E-01    1.6867300445E-08    1.0266695023E+00
    2.1321299672E-01    1.6753700649E-08    1.0196888447E+00
    2.1371400356E-01    1.6641900302E-08    1.0127367973E+00
    2.1421399713E-01    1.6532000657E-08    1.0058411360E+00
    2.1471500397E-01    1.6423999938E-08    9.9897402525E-01
    2.1521499753E-01    1.6317699192E-08    9.9216282368E-01
    2.1571600437E-01    1.6213199672E-08    9.8537981510E-01
    2.1621599793E-01    1.6110400125E-08    9.7865223885E-01
    2.1671700478E-01    1.6009300552E-08    9.7195267677E-01
    2.1721699834E-01    1.5909799700E-08    9.6530795097E-01
    2.1771800518E-01    1.5812100074E-08    9.5869094133E-01
    2.1821799874E-01    1.5715899693E-08    9.5212829113E-01
    2.1871900558E-01    1.5621299809E-08    9.4559329748E-01
    2.1921899915E-01    1.5528300423E-08    9.3911200762E-01
    2.1972000599E-01    1.5436899758E-08    9.3265801668E-01
    2.2021999955E-01    1.5346900639E-08    9.2625731230E-01
    2.2072100639E-01    1.5258400765E-08    9.1988372803E-01
    2.2122099996E-01    1.5171400136E-08    9.1356283426E-01
    2.2172200680E-01    1.5085900529E-08    9.0726888180E-01
    2.2222200036E-01    1.5001699438E-08    9.0102708340E-01
    2.2272300720E-01    1.4918999369E-08    8.9481192827E-01
    2.2322300076E-01    1.4837599593E-08    8.8864839077E-01
    2.2372399271E-01    1.4757599587E-08    8.8251155615E-01
    2.2422400117E-01    1.4678800397E-08    8.7642544508E-01
    2.2472499311E-01    1.4601400089E-08    8.7036591768E-01
    2.2522500157E-01    1.4525300074E-08    8.6435657740E-01
    2.2572599351E-01    1.4450399988E-08    8.5837358236E-01
    2.2622600198E-01    1.4376800195E-08    8.5244029760E-01
    2.2672699392E-01    1.4304400331E-08    8.4653311968E-01
    2.2722700238E-01    1.4233200396E-08    8.4067505598E-01
    2.2772799432E-01    1.4163100026E-08    8.3484292030E-01
    2.2822800279E-01    1.4094299949E-08    8.2905936241E-01
    2.2872899473E-01    1.4026499962E-08    8.2330149412E-01
    2.2922900319E-01    1.3959899903E-08    8.1759172678E-01
    2.2972999513E-01    1.3894400297E-08    8.1190741062E-01
    2.3023000360E-01    1.3829899892E-08    8.0627065897E-01
    2.3073099554E-01    1.3766600304E-08    8.0065912008E-01
    2.3123100400E-01    1.3704299917E-08    7.9509460926E-01
    2.3173199594E-01    1.3642999619E-08    7.8955513239E-01
    2.3223200440E-01    1.3582700298E-08    7.8406214714E-01
    2.3273299634E-01    1.3523400177E-08    7.7859389782E-01
    2.3323300481E-01    1.3465100146E-08    7.7317166328E-01
    2.3373399675E-01    1.3407800203E-08    7.6777398586E-01
    2.3423400521E-01    1.3351399986E-08    7.6242172718E-01
    2.3473499715E-01    1.3295999857E-08    7.5709378719E-01
    2.3523500562E-01    1.3241399976E-08    7.5181084871E-01
    2.3573599756E-01    1.3187800185E-08    7.4655193090E-01
    2.3623600602E-01    1.3135100119E-08    7.4133753777E-01
    2.3673699796E-01    1.3083200301E-08    7.3614692688E-01
    2.3723700643E-01    1.3032200208E-08    7.3100030422E-01
    2.3773799837E-01    1.2982000364E-08    7.2587722540E-01
    2.3823800683E-01    1.2932700244E-08    7.2079765797E-01
    2.3873899877E-01    1.2884200373E-08    7.1574145555E-01
    2.3923900723E-01    1.2836400387E-08    7.1072816849E-01
    2.3973999918E-01    1.2789500126E-08    7.0573800802E-01
    2.4023999274E-01    1.2743400113E-08    7.0079058409E-01
    2.4074099958E-01    1.2697999985E-08    6.9586563110E-01
    2.4124099314E-01    1.2653299741E-08    6.9098305702E-01
    2.4174199998E-01    1.2609399747E-08    6.8612283468E-01
    2.4224199355E-01    1.2566300001E-08    6.8130439520E-01
    2.4274300039E-01    1.2523799775E-08    6.7650806904E-01
    2.4324299395E-01    1.2482099798E-08    6.7175304890E-01
    2.4374400079E-01    1.2441000230E-08    6.6701996326E-01
    2.4424399436E-01    1.2400599658E-08    6.6232770681E-01
    2.4474500120E-01    1.2360899859E-08    6.5765714645E-01
    2.4524499476E-01    1.2321799581E-08    6.5302693844E-01
    2.4574600160E-01    1.2283400075E-08    6.4841812849E-01
    2.4624599516E-01    1.2245600089E-08    6.4384925365E-01
    2.4674700201E-01    1.2208499989E-08    6.3930153847E-01
    2.4724699557E-01    1.2171899932E-08    6.3479328156E-01
    2.4774800241E-01    1.2135999761E-08    6.3030600548E-01
    2.4824799597E-01    1.2100699998E-08    6.2585759163E-01
    2.4874900281E-01    1.2065900279E-08    6.2143003941E-01
    2.4924899638E-01    1.2031700081E-08    6.1704093218E-01
    2.4975000322E-01    1.1998100291E-08    6.1267232895E-01
    2.5025001168E-01    1.1964999658E-08    6.0834163427E-01
    2.5075098872E-01    1.1932500321E-08    6.0403168201E-01
    2.5125101209E-01    1.1900599617E-08    5.9975880384E-01
    2.5175198913E-01    1.1869100369E-08    5.9550642967E-01
    2.5225201249E-01    1.1838199754E-08    5.9129071236E-01
    2.5275298953E-01    1.1807800071E-08    5.8709537983E-01
    2.5325301290E-01    1.1777900433E-08    5.8293622732E-01
    2.5375398993E-01    1.1748499951E-08    5.7879716158E-01
    2.5425401330E-01    1.1719500037E-08    5.7469379902E-01
    2.5475499034E-01    1.1691099644E-08    5.7061040401E-01
    2.5525501370E-01    1.1663099819E-08    5.6656229496E-01
    2.5575599074E-01    1.1635600039E-08    5.6253385544E-01
    2.5625601411E-01    1.1608499939E-08    5.5854028463E-01
    2.5675699115E-01    1.1581899884E-08    5.5456620455E-01
    2.5725701451E-01    1.1555700397E-08    5.5062657595E-01
    2.5775799155E-01    1.1530000066E-08    5.4670614004E-01
    2.5825798512E-01    1.1504700304E-08    5.4281997681E-01
    2.5875899196E-01    1.1479800222E-08    5.3895235062E-01
    2.5925898552E-01    1.1455299820E-08    5.3511881828E-01
    2.5975999236E-01    1.1431199987E-08    5.3130358458E-01
    2.6025998592E-01    1.1407600198E-08    5.2752202749E-01
    2.6076099277E-01    1.1384299725E-08    5.2375853062E-01
    2.6126098633E-01    1.1361399821E-08    5.2002829313E-01
    2.6176199317E-01    1.1338800121E-08    5.1631599665E-01
    2.6226198673E-01    1.1316699577E-08    5.1263648272E-01
    2.6276299357E-01    1.1294900126E-08    5.0897467136E-01
    2.6326298714E-01    1.1273500355E-08    5.0534522533E-01
    2.6376399398E-01    1.1252399901E-08    5.0173330307E-01
    2.6426398754E-01    1.1231700014E-08    4.9815338850E-01
    2.6476499438E-01    1.1211300333E-08    4.9459078908E-01
    2.6526498795E-01    1.1191300331E-08    4.9105972052E-01
    2.6576599479E-01    1.1171599645E-08    4.8754578829E-01
    2.6626598835E-01    1.1152200052E-08    4.8406299949E-01
    2.6676699519E-01    1.1133099775E-08    4.8059710860E-01
    2.6726698875E-01    1.1114400067E-08    4.7716200352E-01
    2.6776799560E-01    1.1095900199E-08    4.7374361753E-01
    2.6826798916E-01    1.1077800011E-08    4.7035560012E-01
    2.6876899600E-01    1.1060000027E-08    4.6698409319E-01
    2.6926898956E-01    1.1042399883E-08    4.6364256740E-01
    2.6976999640E-01    1.1025200308E-08    4.6031737328E-01
    2.7026998997E-01    1.1008199685E-08    4.5702177286E-01
    2.7077099681E-01    1.0991500154E-08    4.5374229550E-01
    2.7127099037E-01    1.0975099940E-08    4.5049205422E-01
    2.7177199721E-01    1.0958999930E-08    4.4725769758E-01
    2.7227199078E-01    1.0943099760E-08    4.4405221939E-01
    2.7277299762E-01    1.0927499794E-08    4.4086247683E-01
    2.7327299118E-01    1.0912200032E-08    4.3770122528E-01
    2.7377399802E-01    1.0897100111E-08    4.3455550075E-01
    2.7427399158E-01    1.0882200030E-08    4.3143787980E-01
    2.7477499843E-01    1.0867699629E-08    4.2833560705E-01
    2.7527499199E-01    1.0853299592E-08    4.2526111007E-01
    2.7577599883E-01    1.0839199760E-08    4.2220175266E-01
    2.7627599239E-01    1.0825299768E-08    4.1916981339E-01
    2.7677699924E-01    1.0811599616E-08    4.1615277529E-01
    2.7727699280E-01    1.0798199668E-08    4.1316282749E-01
    2.7777799964E-01    1.0784999560E-08    4.1018766165E-01
    2.7827799320E-01    1.0772000181E-08    4.0723913908E-01
    2.7877900004E-01    1.0759199753E-08    4.0430524945E-01
    2.7927899361E-01    1.0746700418E-08    4.0139767528E-01
    2.7978000045E-01    1.0734299671E-08    3.9850452542E-01
    2.8027999401E-01    1.0722200017E-08    3.9563736320E-01
    2.8078100085E-01    1.0710199838E-08    3.9278447628E-01
    2.8128099442E-01    1.0698499864E-08    3.8995718956E-01
    2.8178200126E-01    1.0686900254E-08    3.8714399934E-01
    2.8228199482E-01    1.0675599960E-08    3.8435611129E-01
    2.8278300166E-01    1.0664400030E-08    3.8158211112E-01
    2.8328299522E-01    1.0653399940E-08    3.7883311510E-01
    2.8378400207E-01    1.0642599690E-08    3.7609776855E-01
    2.8428399563E-01    1.0631899805E-08    3.7338712811E-01
    2.8478500247E-01    1.0621500124E-08    3.7068998814E-01
    2.8528499603E-01    1.0611199919E-08    3.6801719666E-01
    2.8578600287E-01    1.0601100442E-08    3.6535778642E-01
    2.8628599644E-01    1.0591199917E-08    3.6272236705E-01
    2.8678700328E-01    1.0581399756E-08    3.6010009050E-01
    2.8728699684E-01    1.0571800324E-08    3.5750153661E-01
    2.8778800368E-01    1.0562300368E-08    3.5491600633E-01
    2.8828799725E-01    1.0553000251E-08    3.5235384107E-01
    2.8878900409E-01    1.0543799611E-08    3.4980455041E-01
    2.8928899765E-01    1.0534799699E-08    3.4727829695E-01
    2.8979000449E-01    1.0525999627E-08    3.4476476908E-01
    2.9028999805E-01    1.0517299920E-08    3.4227395058E-01
    2.9079100490E-01    1.0508699688E-08    3.3979567885E-01
    2.9129099846E-01    1.0500300185E-08    3.3733984828E-01
    2.9179200530E-01    1.0492000158E-08    3.3489641547E-01
    2.9229199886E-01    1.0483899970E-08    3.3247509599E-01
    2.9279300570E-01    1.0475900147E-08    3.3006602526E-01
    2.9329299927E-01    1.0467999800E-08    3.2767879963E-01
    2.9379400611E-01    1.0460300182E-08    3.2530364394E-01
    2.9429399967E-01    1.0452700039E-08    3.2295000553E-01
    2.9479500651E-01    1.0445200260E-08    3.2060825825E-01
    2.9529500008E-01    1.0437799958E-08    3.1828781962E-01
    2.9579600692E-01    1.0430600383E-08    3.1597912312E-01
    2.9629600048E-01    1.0423399921E-08    3.1369134784E-01
    2.9679700732E-01    1.0416400187E-08    3.1141519547E-01
    2.9729700089E-01    1.0409499929E-08    3.0915975571E-01
    2.9779800773E-01    1.0402800399E-08    3.0691573024E-01
    2.9829800129E-01    1.0396099981E-08    3.0469211936E-01
    2.9879900813E-01    1.0389499927E-08    3.0247983336E-01
    2.9929900169E-01    1.0383099713E-08    3.0028766394E-01
    2.9980000854E-01    1.0376799864E-08    2.9810661077E-01
    3.0030000210E-01    1.0370500014E-08    2.9594543576E-01
    3.0080100894E-01    1.0364400005E-08    2.9379528761E-01
    3.0130100250E-01    1.0358400360E-08    2.9166468978E-01
    3.0180200934E-01    1.0352399826E-08    2.8954496980E-01
    3.0230200291E-01    1.0346600021E-08    2.8744456172E-01
    3.0280300975E-01    1.0340899692E-08    2.8535488248E-01
    3.0330300331E-01    1.0335200251E-08    2.8328424692E-01
    3.0380401015E-01    1.0329699762E-08    2.8122419119E-01
    3.0430400372E-01    1.0324200161E-08    2.7918294072E-01
    3.0480501056E-01    1.0318900401E-08    2.7715212107E-01
    3.0530500412E-01    1.0313599752E-08    2.7513983846E-01
    3.0580601096E-01    1.0308400356E-08    2.7313783765E-01
    3.0630600452E-01    1.0303300435E-08    2.7115413547E-01
    3.0680701137E-01    1.0298299991E-08    2.6918056607E-01
    3.0730700493E-01    1.0293399910E-08    2.6722505689E-01
    3.0780801177E-01    1.0288499830E-08    2.6527959108E-01
    3.0830800533E-01    1.0283700114E-08    2.6335191727E-01
    3.0880901217E-01    1.0278999873E-08    2.6143407822E-01
    3.0930900574E-01    1.0274399997E-08    2.5953382254E-01
    3.0981001258E-01    1.0269899597E-08    2.5764334202E-01
    3.1031000614E-01    1.0265400086E-08    2.5577014685E-01
    3.1081101298E-01    1.0261000050E-08    2.5390657783E-01
    3.1131100655E-01    1.0256700378E-08    2.5206005573E-01
    3.1181201339E-01    1.0252500182E-08    2.5022304058E-01
    3.1231200695E-01    1.0248299986E-08    2.4840286374E-01
    3.1281301379E-01    1.0244200155E-08    2.4659204483E-01
    3.1331300735E-01    1.0240100323E-08    2.4479784071E-01
    3.1381401420E-01    1.0236200332E-08    2.4301286042E-01
    3.1431400776E-01    1.0232199976E-08    2.4124427140E-01
    3.1481501460E-01    1.0228400349E-08    2.3948478699E-01
    3.1531500816E-01    1.0224599833E-08    2.3774144053E-01
    3.1581598520E-01    1.0220899682E-08    2.3600721359E-01
    3.1631600857E-01    1.0217299895E-08    2.3428867757E-01
    3.1681698561E-01    1.0213700108E-08    2.3257923126E-01
    3.1731700897E-01    1.0210100321E-08    2.3088528216E-01
    3.1781798601E-01    1.0206600010E-08    2.2920027375E-01
    3.1831800938E-01    1.0203200063E-08    2.2753055394E-01
    3.1881898642E-01    1.0199899592E-08    2.2586967051E-01
    3.1931900978E-01    1.0196600009E-08    2.2422386706E-01
    3.1981998682E-01    1.0193300426E-08    2.2258675098E-01
    3.2032001019E-01    1.0190100319E-08    2.2096450627E-01
    3.2082098722E-01    1.0186999688E-08    2.1935085952E-01
    3.2132101059E-01    1.0183899946E-08    2.1775186062E-01
    3.2182198763E-01    1.0180800203E-08    2.1616135538E-01
    3.2232201099E-01    1.0177799936E-08    2.1458527446E-01
    3.2282298803E-01    1.0174900034E-08    2.1301758289E-01
    3.2332301140E-01    1.0172000131E-08    2.1146412194E-01
    3.2382398844E-01    1.0169199705E-08    2.0991890132E-01
    3.2432401180E-01    1.0166400166E-08    2.0838774741E-01
    3.2482498884E-01    1.0163599740E-08    2.0686471462E-01
    3.2532501221E-01    1.0160899677E-08    2.0535552502E-01
    3.2582598925E-01    1.0158199615E-08    2.0385435224E-01
    3.2632601261E-01    1.0155599917E-08    2.0236685872E-01
    3.2682698965E-01    1.0153000218E-08    2.0088727772E-01
    3.2732701302E-01    1.0150499996E-08    1.9942115247E-01
    3.2782799006E-01    1.0147999774E-08    1.9796283543E-01
    3.2832801342E-01    1.0145599916E-08    1.9651779532E-01
    3.2882899046E-01    1.0143200058E-08    1.9508044422E-01
    3.2932901382E-01    1.0140800200E-08    1.9365619123E-01
    3.2982999086E-01    1.0138499817E-08    1.9223953784E-01
    3.3033001423E-01    1.0136200324E-08    1.9083578885E-01
    3.3083099127E-01    1.0133899941E-08    1.8943953514E-01
    3.3133101463E-01    1.0131699923E-08    1.8805599213E-01
    3.3183199167E-01    1.0129499906E-08    1.8667984009E-01
    3.3233198524E-01    1.0127400252E-08    1.8531630933E-01
    3.3283299208E-01    1.0125299710E-08    1.8395988643E-01
    3.3333298564E-01    1.0123200056E-08    1.8261601031E-01
    3.3383399248E-01    1.0121199878E-08    1.8127913773E-01
    3.3433398604E-01    1.0119199700E-08    1.7995463312E-01
    3.3483499289E-01    1.0117200411E-08    1.7863704264E-01
    3.3533498645E-01    1.0115200233E-08    1.7733164132E-01
    3.3583599329E-01    1.0113300419E-08    1.7603306472E-01
    3.3633598685E-01    1.0111500082E-08    1.7474649847E-01
    3.3683699369E-01    1.0109600268E-08    1.7346666753E-01
    3.3733698726E-01    1.0107799930E-08    1.7219866812E-01
    3.3783799410E-01    1.0105999593E-08    1.7093731463E-01
    3.3833798766E-01    1.0104299619E-08    1.6968762875E-01
    3.3883899450E-01    1.0102500170E-08    1.6844448447E-01
    3.3933898807E-01    1.0100800196E-08    1.6721284389E-01
    3.3983999491E-01    1.0099199699E-08    1.6598768532E-01
    3.4033998847E-01    1.0097499725E-08    1.6477383673E-01
    3.4084099531E-01    1.0095900116E-08    1.6356638074E-01
    3.4134098887E-01    1.0094299618E-08    1.6237010062E-01
    3.4184199572E-01    1.0092800373E-08    1.6118010879E-01
    3.4234198928E-01    1.0091199876E-08    1.6000112891E-01
    3.4284299612E-01    1.0089699742E-08    1.5882834792E-01
    3.4334298968E-01    1.0088199609E-08    1.5766641498E-01
    3.4384399652E-01    1.0086799840E-08    1.5651059151E-01
    3.4434399009E-01    1.0085400071E-08    1.5536549687E-01
    3.4484499693E-01    1.0083899937E-08    1.5422640741E-01
    3.4534499049E-01    1.0082599644E-08    1.5309788287E-01
    3.4584599733E-01    1.0081199875E-08    1.5197528899E-01
    3.4634599090E-01    1.0079800106E-08    1.5086311102E-01
    3.4684699774E-01    1.0078499812E-08    1.4975677431E-01
    3.4734699130E-01    1.0077200407E-08    1.4866070449E-01
    3.4784799814E-01    1.0075900114E-08    1.4757041633E-01
    3.4834799170E-01    1.0074700185E-08    1.4649023116E-01
    3.4884899855E-01    1.0073500256E-08    1.4541572332E-01
    3.4934899211E-01    1.0072199963E-08    1.4435121417E-01
    3.4984999895E-01    1.0071000034E-08    1.4329229295E-01
    3.5034999251E-01    1.0069899581E-08    1.4224320650E-01
    3.5085099936E-01    1.0068699652E-08    1.4119964838E-01
    3.5135099292E-01    1.0067600087E-08    1.4016579092E-01
    3.5185199976E-01    1.0066499634E-08    1.3913737237E-01
    3.5235199332E-01    1.0065400069E-08    1.3811850548E-01
    3.5285300016E-01    1.0064299616E-08    1.3710503280E-01
    3.5335299373E-01    1.0063200051E-08    1.3610096276E-01
    3.5385400057E-01    1.0062199962E-08    1.3510218263E-01
    3.5435399413E-01    1.0061100397E-08    1.3411270082E-01
    3.5485500097E-01    1.0060100308E-08    1.3312843442E-01
    3.5535499454E-01    1.0059100219E-08    1.3215331733E-01
    3.5585600138E-01    1.0058199607E-08    1.3118335605E-01
    3.5635599494E-01    1.0057200406E-08    1.3022240996E-01
    3.5685700178E-01    1.0056200317E-08    1.2926653028E-01
    3.5735699534E-01    1.0055299704E-08    1.2831956148E-01
    3.5785800219E-01    1.0054399979E-08    1.2737756968E-01
    3.5835799575E-01    1.0053500255E-08    1.2644436955E-01
    3.5885900259E-01    1.0052599642E-08    1.2551608682E-01
    3.5935899615E-01    1.0051699917E-08    1.2459643930E-01
    3.5986000299E-01    1.0050899668E-08    1.2368165702E-01
    3.6035999656E-01    1.0049999943E-08    1.2277539819E-01
    3.6086100340E-01    1.0049199695E-08    1.2187392265E-01
    3.6136099696E-01    1.0048400334E-08    1.2098084390E-01
    3.6186200380E-01    1.0047600085E-08    1.2009248883E-01
    3.6236199737E-01    1.0046799837E-08    1.1921240389E-01
    3.6286300421E-01    1.0045999588E-08    1.1833698303E-01
    3.6336299777E-01    1.0045299703E-08    1.1746972054E-01
    3.6386400461E-01    1.0044500343E-08    1.1660704017E-01
    3.6436399817E-01    1.0043799570E-08    1.1575239897E-01
    3.6486500502E-01    1.0043099685E-08    1.1490229517E-01
    3.6536499858E-01    1.0042399801E-08    1.1406010389E-01
    3.6586600542E-01    1.0041699916E-08    1.1322237551E-01
    3.6636599898E-01    1.0041000031E-08    1.1239245534E-01
    3.6686700583E-01    1.0040300147E-08    1.1156693101E-01
    3.6736699939E-01    1.0039600262E-08    1.1074911058E-01
    3.6786800623E-01    1.0038999854E-08    1.0993561894E-01
    3.6836799979E-01    1.0038299969E-08    1.0912971199E-01
    3.6886900663E-01    1.0037699560E-08    1.0832808912E-01
    3.6936900020E-01    1.0037100040E-08    1.0753392428E-01
    3.6987000704E-01    1.0036400155E-08    1.0674399137E-01
    3.7037000060E-01    1.0035799747E-08    1.0596141964E-01
    3.7087100744E-01    1.0035299702E-08    1.0518299788E-01
    3.7137100101E-01    1.0034700182E-08    1.0441184044E-01
    3.7187200785E-01    1.0034099773E-08    1.0364478081E-01
    3.7237200141E-01    1.0033500253E-08    1.0288488120E-01
    3.7287300825E-01    1.0033000208E-08    1.0212901235E-01
    3.7337300181E-01    1.0032399800E-08    1.0138019174E-01
    3.7387400866E-01    1.0031899755E-08    1.0063535720E-01
    3.7437400222E-01    1.0031399711E-08    9.9897474051E-02
    3.7487500906E-01    1.0030800190E-08    9.9163509905E-02
    3.7537500262E-01    1.0030300146E-08    9.8436400294E-02
    3.7587600946E-01    1.0029800102E-08    9.7713150084E-02
    3.7637600303E-01    1.0029300057E-08    9.6996657550E-02
    3.7687700987E-01    1.0028900377E-08    9.6283972263E-02
    3.7737700343E-01    1.0028400332E-08    9.5577940345E-02
    3.7787801027E-01    1.0027900288E-08    9.4875670969E-02
    3.7837800384E-01    1.0027400243E-08    9.4179958105E-02
    3.7887901068E-01    1.0026999675E-08    9.3487940729E-02
    3.7937900424E-01    1.0026499631E-08    9.2802397907E-02
    3.7988001108E-01    1.0026099950E-08    9.2120498419E-02
    3.8038000464E-01    1.0025700270E-08    9.1444969177E-02
    3.8088101149E-01    1.0025299702E-08    9.0773038566E-02
    3.8138100505E-01    1.0024799657E-08    9.0107388794E-02
    3.8188201189E-01    1.0024399977E-08    8.9445278049E-02
    3.8238200545E-01    1.0024000296E-08    8.8789358735E-02
    3.8288301229E-01    1.0023599728E-08    8.8136933744E-02
    3.8338300586E-01    1.0023200048E-08    8.7490610778E-02
    3.8388401270E-01    1.0022800367E-08    8.6847722530E-02
    3.8438400626E-01    1.0022500163E-08    8.6210854352E-02
    3.8488501310E-01    1.0022099595E-08    8.5577368736E-02
    3.8538500667E-01    1.0021699914E-08    8.4949806333E-02
    3.8588601351E-01    1.0021399710E-08    8.4325596690E-02
    3.8638600707E-01    1.0021000030E-08    8.3707228303E-02
    3.8688701391E-01    1.0020699825E-08    8.3092153072E-02
    3.8738700747E-01    1.0020300145E-08    8.2482829690E-02
    3.8788801432E-01    1.0019999941E-08    8.1876754761E-02
    3.8838800788E-01    1.0019699737E-08    8.1276349723E-02
    3.8888901472E-01    1.0019300056E-08    8.0679140985E-02
    3.8938900828E-01    1.0018999852E-08    8.0087527633E-02
    3.8988998532E-01    1.0018699648E-08    7.9499103129E-02
    3.9039000869E-01    1.0018400332E-08    7.8916117549E-02
    3.9089098573E-01    1.0018100127E-08    7.8336313367E-02
    3.9139100909E-01    1.0017799923E-08    7.7761866152E-02
    3.9189198613E-01    1.0017499719E-08    7.7190548182E-02
    3.9239200950E-01    1.0017200403E-08    7.6624512672E-02
    3.9289298654E-01    1.0016900198E-08    7.6061569154E-02
    3.9339300990E-01    1.0016599994E-08    7.5503826141E-02
    3.9389398694E-01    1.0016400154E-08    7.4949130416E-02
    3.9439401031E-01    1.0016099949E-08    7.4399560690E-02
    3.9489498734E-01    1.0015799745E-08    7.3852993548E-02
    3.9539501071E-01    1.0015599905E-08    7.3311477900E-02
    3.9589598775E-01    1.0015299701E-08    7.2772920132E-02
    3.9639601111E-01    1.0015099861E-08    7.2239339352E-02
    3.9689698815E-01    1.0014799656E-08    7.1708679199E-02
    3.9739701152E-01    1.0014599816E-08    7.1182921529E-02
    3.9789798856E-01    1.0014299612E-08    7.0660039783E-02
    3.9839801192E-01    1.0014099772E-08    7.0141993463E-02
    3.9889898896E-01    1.0013899931E-08    6.9626778364E-02
    3.9939901233E-01    1.0013599727E-08    6.9116324186E-02
    3.9989998937E-01    1.0013399887E-08    6.8608671427E-02
    4.0040001273E-01    1.0013200047E-08    6.8105705082E-02
    4.0090098977E-01    1.0013000207E-08    6.7605488002E-02
    4.0140101314E-01    1.0012700002E-08    6.7109897733E-02
    4.0190199018E-01    1.0012500162E-08    6.6617019475E-02
    4.0240201354E-01    1.0012300322E-08    6.6128708422E-02
    4.0290299058E-01    1.0012099594E-08    6.5643057227E-02
    4.0340301394E-01    1.0011899754E-08    6.5161906183E-02
    4.0390399098E-01    1.0011699914E-08    6.4683385193E-02
    4.0440401435E-01    1.0011500073E-08    6.4209297299E-02
    4.0490499139E-01    1.0011300233E-08    6.3737802207E-02
    4.0540501475E-01    1.0011199869E-08    6.3270673156E-02
    4.0590599179E-01    1.0011000029E-08    6.2806092203E-02
    4.0640598536E-01    1.0010800189E-08    6.2345843762E-02
    4.0690699220E-01    1.0010600349E-08    6.1888057739E-02
    4.0740698576E-01    1.0010399620E-08    6.1434566975E-02
    4.0790799260E-01    1.0010300144E-08    6.0983505100E-02
    4.0840798616E-01    1.0010100304E-08    6.0536671430E-02
    4.0890899301E-01    1.0009899576E-08    6.0092233121E-02
    4.0940898657E-01    1.0009800100E-08    5.9651959687E-02
    4.0990999341E-01    1.0009600260E-08    5.9214048088E-02
    4.1040998697E-01    1.0009400420E-08    5.8780241758E-02
    4.1091099381E-01    1.0009300055E-08    5.8348760009E-02
    4.1141098738E-01    1.0009100215E-08    5.7921327651E-02
    4.1191199422E-01    1.0008999851E-08    5.7496186346E-02
    4.1241198778E-01    1.0008800011E-08    5.7075031102E-02
    4.1291299462E-01    1.0008699647E-08    5.6656133384E-02
    4.1341298819E-01    1.0008499807E-08    5.6241165847E-02
    4.1391399503E-01    1.0008400331E-08    5.5828422308E-02
    4.1441398859E-01    1.0008299967E-08    5.5419553071E-02
    4.1491499543E-01    1.0008100126E-08    5.5012874305E-02
    4.1541498899E-01    1.0007999762E-08    5.4610013962E-02
    4.1591599584E-01    1.0007900286E-08    5.4209314287E-02
    4.1641598940E-01    1.0007699558E-08    5.3812373430E-02
    4.1691699624E-01    1.0007600082E-08    5.3417563438E-02
    4.1741698980E-01    1.0007499718E-08    5.3026460111E-02
    4.1791799664E-01    1.0007299878E-08    5.2637446672E-02
    4.1841799021E-01    1.0007200402E-08    5.2252091467E-02
    4.1891899705E-01    1.0007100038E-08    5.1868803799E-02
    4.1941899061E-01    1.0006999673E-08    5.1489111036E-02
    4.1991999745E-01    1.0006900197E-08    5.1111459732E-02
    4.2041999102E-01    1.0006799833E-08    5.0737351179E-02
    4.2092099786E-01    1.0006599993E-08    5.0365250558E-02
    4.2142099142E-01    1.0006499629E-08    4.9996640533E-02
    4.2192199826E-01    1.0006400153E-08    4.9630012363E-02
    4.2242199183E-01    1.0006299789E-08    4.9266826361E-02
    4.2292299867E-01    1.0006200313E-08    4.8905592412E-02
    4.2342299223E-01    1.0006099949E-08    4.8547744751E-02
    4.2392399907E-01    1.0005999584E-08    4.8191823065E-02
    4.2442399263E-01    1.0005900108E-08    4.7839242965E-02
    4.2492499948E-01    1.0005799744E-08    4.7488559037E-02
    4.2542499304E-01    1.0005700268E-08    4.7141164541E-02
    4.2592599988E-01    1.0005599904E-08    4.6795636415E-02
    4.2642599344E-01    1.0005500428E-08    4.6453356743E-02
    4.2692700028E-01    1.0005400064E-08    4.6112913638E-02
    4.2742699385E-01    1.0005400064E-08    4.5775666833E-02
    4.2792800069E-01    1.0005299700E-08    4.5440230519E-02
    4.2842799425E-01    1.0005200224E-08    4.5107945800E-02
    4.2892900109E-01    1.0005099860E-08    4.4777449220E-02
    4.2942899466E-01    1.0005000384E-08    4.4450055808E-02
    4.2993000150E-01    1.0004900020E-08    4.4124424458E-02
    4.3042999506E-01    1.0004799655E-08    4.3801851571E-02
    4.3093100190E-01    1.0004799655E-08    4.3481007218E-02
    4.3143099546E-01    1.0004700179E-08    4.3163180351E-02
    4.3193200231E-01    1.0004599815E-08    4.2847063392E-02
    4.3243199587E-01    1.0004500339E-08    4.2533911765E-02
    4.3293300271E-01    1.0004500339E-08    4.2222447693E-02
    4.3343299627E-01    1.0004399975E-08    4.1913907975E-02
    4.3393400311E-01    1.0004299611E-08    4.1607033461E-02
    4.3443399668E-01    1.0004200135E-08    4.1303038597E-02
    4.3493500352E-01    1.0004200135E-08    4.1000675410E-02
    4.3543499708E-01    1.0004099771E-08    4.0701158345E-02
    4.3593600392E-01    1.0004000295E-08    4.0403254330E-02
    4.3643599749E-01    1.0004000295E-08    4.0108148009E-02
    4.3693700433E-01    1.0003899931E-08    3.9814624935E-02
    4.3743699789E-01    1.0003799567E-08    3.9523862302E-02
    4.3793800473E-01    1.0003799567E-08    3.9234668016E-02
    4.3843799829E-01    1.0003700091E-08    3.8948189467E-02
    4.3893900514E-01    1.0003599726E-08    3.8663249463E-02
    4.3943899870E-01    1.0003599726E-08    3.8380987942E-02
    4.3994000554E-01    1.0003500250E-08    3.8100250065E-02
    4.4043999910E-01    1.0003500250E-08    3.7822149694E-02
    4.4094100595E-01    1.0003399886E-08    3.7545543164E-02
    4.4144099951E-01    1.0003399886E-08    3.7271536887E-02
    4.4194200635E-01    1.0003300410E-08    3.6999009550E-02
    4.4244199991E-01    1.0003200046E-08    3.6729041487E-02
    4.4294300675E-01    1.0003200046E-08    3.6460526288E-02
    4.4344300032E-01    1.0003099682E-08    3.6194536835E-02
    4.4394400716E-01    1.0003099682E-08    3.5929981619E-02
    4.4444400072E-01    1.0003000206E-08    3.5667911172E-02
    4.4494500756E-01    1.0003000206E-08    3.5407252610E-02
    4.4544500113E-01    1.0002899842E-08    3.5149045289E-02
    4.4594600797E-01    1.0002899842E-08    3.4892227501E-02
    4.4644600153E-01    1.0002800366E-08    3.4637827426E-02
    4.4694700837E-01    1.0002800366E-08    3.4384794533E-02
    4.4744700193E-01    1.0002700002E-08    3.4134142101E-02
    4.4794800878E-01    1.0002700002E-08    3.3884838223E-02
    4.4844800234E-01    1.0002700002E-08    3.3637881279E-02
    4.4894900918E-01    1.0002599637E-08    3.3392254263E-02
    4.4944900274E-01    1.0002599637E-08    3.3148936927E-02
    4.4995000958E-01    1.0002500161E-08    3.2906930894E-02
    4.5045000315E-01    1.0002500161E-08    3.2667197287E-02
    4.5095100999E-01    1.0002399797E-08    3.2428760082E-02
    4.5145100355E-01    1.0002399797E-08    3.2192565501E-02
    4.5195201039E-01    1.0002399797E-08    3.1957641244E-02
    4.5245200396E-01    1.0002300321E-08    3.1724926084E-02
    4.5295301080E-01    1.0002300321E-08    3.1493466347E-02
    4.5345300436E-01    1.0002199957E-08    3.1264182180E-02
    4.5395401120E-01    1.0002199957E-08    3.1036136672E-02
    4.5445400476E-01    1.0002199957E-08    3.0810235068E-02
    4.5495501161E-01    1.0002099593E-08    3.0585551634E-02
    4.5545500517E-01    1.0002099593E-08    3.0362982303E-02
    4.5595601201E-01    1.0002099593E-08    3.0141612515E-02
    4.5645600557E-01    1.0002000117E-08    2.9922323301E-02
    4.5695701241E-01    1.0002000117E-08    2.9704218730E-02
    4.5745700598E-01    1.0002000117E-08    2.9488164932E-02
    4.5795801282E-01    1.0001899753E-08    2.9273277149E-02
    4.5845800638E-01    1.0001899753E-08    2.9060410336E-02
    4.5895901322E-01    1.0001899753E-08    2.8848690912E-02
    4.5945900679E-01    1.0001800277E-08    2.8638964519E-02
    4.5996001363E-01    1.0001800277E-08    2.8430368751E-02
    4.6046000719E-01    1.0001800277E-08    2.8223738074E-02
    4.6096101403E-01    1.0001699913E-08    2.8018217534E-02
    4.6146100760E-01    1.0001699913E-08    2.7814632282E-02
    4.6196201444E-01    1.0001699913E-08    2.7612144127E-02
    4.6246200800E-01    1.0001699913E-08    2.7411563322E-02
    4.6296301484E-01    1.0001600437E-08    2.7212062851E-02
    4.6346300840E-01    1.0001600437E-08    2.7014439926E-02
    4.6396398544E-01    1.0001600437E-08    2.6817895472E-02
    4.6446400881E-01    1.0001600437E-08    2.6623178273E-02
    4.6496498585E-01    1.0001500073E-08    2.6429533958E-02
    4.6546500921E-01    1.0001500073E-08    2.6237688959E-02
    4.6596598625E-01    1.0001500073E-08    2.6046900079E-02
    4.6646600962E-01    1.0001500073E-08    2.5857886299E-02
    4.6696698666E-01    1.0001399708E-08    2.5669913739E-02
    4.6746701002E-01    1.0001399708E-08    2.5483690202E-02
    4.6796798706E-01    1.0001399708E-08    2.5298492983E-02
    4.6846801043E-01    1.0001399708E-08    2.5115016848E-02
    4.6896898746E-01    1.0001300232E-08    2.4932552129E-02
    4.6946901083E-01    1.0001300232E-08    2.4751782417E-02
    4.6996998787E-01    1.0001300232E-08    2.4572011083E-02
    4.7047001123E-01    1.0001300232E-08    2.4393910542E-02
    4.7097098827E-01    1.0001300232E-08    2.4216791615E-02
    4.7147101164E-01    1.0001199868E-08    2.4041321129E-02
    4.7197198868E-01    1.0001199868E-08    2.3866817355E-02
    4.7247201204E-01    1.0001199868E-08    2.3693937808E-02
    4.7297298908E-01    1.0001199868E-08    2.3522010073E-02
    4.7347301245E-01    1.0001199868E-08    2.3351680487E-02
    4.7397398949E-01    1.0001100392E-08    2.3182291538E-02
    4.7447401285E-01    1.0001100392E-08    2.3014474660E-02
    4.7497498989E-01    1.0001100392E-08    2.2847587243E-02
    4.7547501326E-01    1.0001100392E-08    2.2682249546E-02
    4.7597599030E-01    1.0001100392E-08    2.2517822683E-02
    4.7647601366E-01    1.0001000028E-08    2.2354925051E-02
    4.7697699070E-01    1.0001000028E-08    2.2192927077E-02
    4.7747701406E-01    1.0001000028E-08    2.2032434121E-02
    4.7797799110E-01    1.0001000028E-08    2.1872827783E-02
    4.7847801447E-01    1.0001000028E-08    2.1714705974E-02
    4.7897899151E-01    1.0001000028E-08    2.1557457745E-02
    4.7947901487E-01    1.0000899664E-08    2.1401669830E-02
    4.7997999191E-01    1.0000899664E-08    2.1246744320E-02
    4.8047998548E-01    1.0000899664E-08    2.1093266085E-02
    4.8098099232E-01    1.0000899664E-08    2.0940616727E-02
    4.8148098588E-01    1.0000899664E-08    2.0789407194E-02
    4.8198199272E-01    1.0000899664E-08    2.0639011636E-02
    4.8248198628E-01    1.0000899664E-08    2.0490033552E-02
    4.8298299313E-01    1.0000800188E-08    2.0341860130E-02
    4.8348298669E-01    1.0000800188E-08    2.0195083693E-02
    4.8398399353E-01    1.0000800188E-08    2.0049098879E-02
    4.8448398709E-01    1.0000800188E-08    1.9904488698E-02
    4.8498499393E-01    1.0000800188E-08    1.9760658965E-02
    4.8548498750E-01    1.0000800188E-08    1.9618185237E-02
    4.8598599434E-01    1.0000800188E-08    1.9476478919E-02
    4.8648598790E-01    1.0000699824E-08    1.9336109981E-02
    4.8698699474E-01    1.0000699824E-08    1.9196499139E-02
    4.8748698831E-01    1.0000699824E-08    1.9058201462E-02
    4.8798799515E-01    1.0000699824E-08    1.8920652568E-02
    4.8848798871E-01    1.0000699824E-08    1.8784398213E-02
    4.8898899555E-01    1.0000699824E-08    1.8648881465E-02
    4.8948898911E-01    1.0000699824E-08    1.8514640629E-02
    4.8998999596E-01    1.0000699824E-08    1.8381124362E-02
    4.9048998952E-01    1.0000699824E-08    1.8248865381E-02
    4.9099099636E-01    1.0000600348E-08    1.8117323518E-02
    4.9149098992E-01    1.0000600348E-08    1.7987018451E-02
    4.9199199677E-01    1.0000600348E-08    1.7857419327E-02
    4.9249199033E-01    1.0000600348E-08    1.7729040235E-02
    4.9299299717E-01    1.0000600348E-08    1.7601354048E-02
    4.9349299073E-01    1.0000600348E-08    1.7474871129E-02
    4.9399399757E-01    1.0000600348E-08    1.7349073663E-02
    4.9449399114E-01    1.0000600348E-08    1.7224458978E-02
    4.9499499798E-01    1.0000600348E-08    1.7100518569E-02
    4.9549499154E-01    1.0000600348E-08    1.6977746040E-02
    4.9599599838E-01    1.0000499984E-08    1.6855638474E-02
    4.9649599195E-01    1.0000499984E-08    1.6734680161E-02
    4.9699699879E-01    1.0000499984E-08    1.6614375636E-02
    4.9749699235E-01    1.0000499984E-08    1.6495203599E-02
    4.9799799919E-01    1.0000499984E-08    1.6376676038E-02
    4.9849799275E-01    1.0000499984E-08    1.6259266064E-02
    4.9899899960E-01    1.0000499984E-08    1.6142491251E-02
    4.9949899316E-01    1.0000499984E-08    1.6026815400E-02
    5.0000000000E-01    1.0000499984E-08    1.5911765397E-02
