2.000000000000000e-3 3.720449471384810e-2
2.500000000000000e-3 3.486115725559873e-2
3.000000000000000e-3 3.447595109807821e-2
3.500000000000000e-3 6.033291442163711e-2
4.000000000000000e-3 8.071674025709318e-2
4.500000000000000e-3 9.716825323452800e-2
5.000000000000000e-3 9.793866554956877e-2
5.500000000000000e-3 1.018870286641534e-1
6.000000000000000e-3 1.116776851677976e-1
6.500000000000000e-3 1.245820914447318e-1
7.000000000000000e-3 1.410817551918569e-1
7.500000000000000e-3 1.414669613493773e-1
8.000000000000000e-3 1.539861614687913e-1
8.500000000000000e-3 1.692660057171016e-1
9.000000000000000e-3 1.747712437183309e-1
9.500000000000000e-3 1.939513003115356e-1
1.000000000000000e-2 1.998417444702854e-1
1.050000000000000e-2 2.080434255741579e-1
1.100000000000000e-2 2.111732256040113e-1
1.150000000000000e-2 2.237405764931152e-1
1.200000000000000e-2 2.327447704251554e-1
1.250000000000000e-2 2.441244023285713e-1
1.300000000000000e-2 2.401920894705502e-1
1.350000000000000e-2 2.480246146734657e-1
1.400000000000000e-2 2.570609091186324e-1
1.450000000000000e-2 2.660651030506724e-1
1.500000000000000e-2 2.680232343514012e-1
1.550000000000000e-2 2.860476724720446e-1
1.600000000000000e-2 2.915529104732739e-1
1.650000000000000e-2 3.060462921499801e-1
1.700000000000000e-2 2.911195535460636e-1
1.750000000000000e-2 3.091760921798337e-1
1.800000100000000e-2 3.303142800737670e-1
1.850000000000000e-2 3.189667486834778e-1
1.900000000000000e-2 3.260288615713523e-1
1.950000000000000e-2 3.389653683614133e-1
2.000000000000000e-2 3.545983182541174e-1
2.050000000000000e-2 3.534587500381194e-1
2.100000000000000e-2 3.616764813985552e-1
2.150000000000000e-2 3.691398507005134e-1
2.200000000000000e-2 3.804713318342394e-1
2.250000000000000e-2 3.785292507900738e-1
2.300000000000000e-2 3.800700754201556e-1
2.350000000000000e-2 3.875494949786773e-1
2.400000000000000e-2 4.016095197281729e-1
2.450000000000000e-2 4.004860017687382e-1
2.500000000000000e-2 4.012564140837793e-1
2.550000000000000e-2 4.188956460469021e-1
2.600000000000000e-2 4.212389835051514e-1
2.650000000000000e-2 4.102606080158192e-1
2.700000000000000e-2 4.223946019777126e-1
2.750000000000000e-2 4.349298523536899e-1
2.800000000000000e-2 4.337742338811286e-1
2.850000000000000e-2 4.404190400983559e-1
2.900000000000000e-2 4.439500965422933e-1
2.950000000000000e-2 4.459082278430222e-1
3.000000000000000e-2 4.600485038753345e-1
3.050000000000000e-2 4.780408414828512e-1
3.100000000000000e-2 4.721824978372279e-1
3.150000000000000e-2 4.655055911068739e-1
3.200000000000000e-2 4.749431419661244e-1
3.250000000000000e-2 4.815558476702250e-1
3.300000000000000e-2 4.815879481833517e-1
3.350000000000000e-2 4.823583604983926e-1
3.400000000000000e-2 4.980555114173501e-1
3.450000000000000e-2 5.055028304627449e-1
3.500000000000000e-2 5.129340992515765e-1
3.550000100000000e-2 5.050855237920978e-1
3.600000100000000e-2 5.105747115367639e-1
3.650000000000000e-2 5.215530870260962e-1
3.700000000000000e-2 5.274274809282826e-1
3.750000000000000e-2 5.199801618828877e-1
3.800000000000000e-2 5.333018748304692e-1
3.850000000000000e-2 5.309585373722198e-1
3.900000000000000e-2 5.501546442219879e-1
3.950000000000000e-2 5.525140319368006e-1
4.000000000000000e-2 5.391602184760924e-1
4.050000000000000e-2 5.481965129212590e-1
4.100000000000000e-2 5.501546442219879e-1
4.150000000000000e-2 5.595600945681118e-1
4.200000000000000e-2 5.623046884404448e-1
4.250000000000000e-2 5.650653325693412e-1
4.300000000000000e-2 5.744386824023383e-1
4.350000000000000e-2 5.670074136135066e-1
4.400000000000000e-2 5.834589265909416e-1
4.450000000000000e-2 5.854331081482338e-1
4.500000000000000e-2 5.858183143057542e-1
4.550000000000000e-2 5.963954333810026e-1
4.600000000000000e-2 5.971497954394801e-1
4.650000000000000e-2 5.959941769669190e-1
4.700000000000000e-2 5.995412836674194e-1
4.750000000000000e-2 6.053996273130426e-1
4.800000000000000e-2 6.058169339836898e-1
4.850000000000000e-2 6.112900714717925e-1
4.900000000000000e-2 6.171644653739790e-1
4.950000000000000e-2 6.179348776890199e-1
5.000000000000000e-2 6.018685708691053e-1
5.050000000000000e-2 6.296836654933928e-1
5.100000000000000e-2 6.281428408633112e-1
5.150000000000000e-2 6.245957341628106e-1
5.200000000000000e-2 6.324603598788527e-1
5.250000000000000e-2 6.249969905768944e-1
5.300000000000000e-2 6.367457783812674e-1
5.350000000000000e-2 6.387039096819963e-1
5.400000000000000e-2 6.469697918121221e-1
5.450000000000000e-2 6.567283478026397e-1
5.500000000000000e-2 6.493131292703714e-1
5.550000000000000e-2 6.418497599684131e-1
5.600000000000000e-2 6.493131292703714e-1
5.650000000000000e-2 6.567283478026395e-1
5.700000000000000e-2 6.653473355771592e-1
5.750000000000000e-2 6.559418852310354e-1
5.800000000000000e-2 6.598741980890565e-1
5.850000000000000e-2 6.633892042764303e-1
5.900000000000000e-2 6.677067232919719e-1
5.950000000000000e-2 6.810123859829898e-1
6.000000000000000e-2 6.708525735783886e-1
6.050000000000000e-2 6.790703049388245e-1
6.100000000000000e-2 6.845434424269272e-1
6.150000000000000e-2 6.912203491572813e-1
6.200000000000000e-2 6.794394608397814e-1
6.250000000000000e-2 6.865176239842194e-1
6.300000000000000e-2 6.974959994735516e-1
6.350000000000000e-2 6.994541307742804e-1
6.400000000000000e-2 6.959230743303432e-1
6.450000000000000e-2 7.061149872480712e-1
6.500000000000000e-2 7.037555995332585e-1
6.550000000000000e-2 7.006049341698728e-1
6.600000000000000e-2 7.076718621347162e-1
6.650000000000000e-2 7.104325062636126e-1
6.700000000000000e-2 7.088595811204042e-1
6.750000000000001e-2 7.076830973143106e-1
6.800000000000001e-2 7.143487688650704e-1
6.850000000000001e-2 7.170773124808399e-1
6.900000000000001e-2 7.217960879104653e-1
6.950000000000001e-2 7.205907136425576e-1
7.000000000000001e-2 7.280556879701723e-1
7.050000099999999e-2 7.139635627075499e-1
7.100000099999999e-2 7.296189829594426e-1
7.150000099999999e-2 7.252934388156195e-1
7.200000099999999e-2 7.272836706294750e-1
7.250000000000000e-2 7.296334281903496e-1
7.300000000000000e-2 7.272692253985682e-1
7.350000000000000e-2 7.406037785514002e-1
7.400000000000000e-2 7.413645607125030e-1
7.450000000000000e-2 7.394112444887430e-1
7.500000000000000e-2 7.456949199332952e-1
7.550000000000000e-2 7.472710551278162e-1
7.600000000000000e-2 7.492259763772325e-1
7.650000000000000e-2 7.590102127782512e-1
7.700000000000000e-2 7.546975088396787e-1
7.750000000000000e-2 7.594082591410224e-1
7.800000000000000e-2 7.609940244894814e-1
7.850000000000000e-2 7.668603932633862e-1
7.900000000000000e-2 7.570456613748970e-1
7.950000000000000e-2 7.562672239315746e-1
8.000000000000000e-2 7.590037926756259e-1
8.050000000000000e-2 7.731135732204680e-1
8.100000000000000e-2 7.649022619626576e-1
8.150000000000000e-2 7.707573955569680e-1
8.200000000000000e-2 7.680352720438237e-1
8.250000000000000e-2 7.911492465207056e-1
8.300000000000000e-2 7.778114833165608e-1
8.350000000000000e-2 7.840742934275803e-1
8.400000000000000e-2 7.903467336925381e-1
8.450000000000000e-2 7.766430246387490e-1
8.500000000000000e-2 7.887818336776112e-1
8.550000000000000e-2 7.958519716937675e-1
8.600000000000000e-2 7.958487616424549e-1
8.650000000000000e-2 8.005514868155166e-1
8.700000000000000e-2 7.895763213774971e-1
8.750000000000000e-2 7.856600587760395e-1
8.800000000000000e-2 7.876117699741430e-1
8.850000000000000e-2 7.899775777915810e-1
8.900000000000000e-2 7.958535767194238e-1
8.950000000000000e-2 7.942838616275282e-1
9.000000000000000e-2 8.017408108268611e-1
9.050000000000000e-2 8.079955958095990e-1
9.100000000000000e-2 8.036828918710266e-1
9.150000000000000e-2 8.056506533256934e-1
9.200000000000000e-2 8.056394181460990e-1
9.250000000000000e-2 8.162181422470037e-1
9.300000000000000e-2 7.923193102241739e-1
9.350000000000000e-2 8.138715947374419e-1
9.400000000000000e-2 8.072027131353694e-1
9.450000000000000e-2 8.150464735178790e-1
9.500000000000000e-2 8.170078148699206e-1
9.550000000000000e-2 8.177937959338280e-1
9.600000000000000e-2 8.119214885649947e-1
9.650000000000000e-2 8.220989562518157e-1
9.700000000000000e-2 8.287662328282318e-1
9.750000000000000e-2 8.158409612177650e-1
9.800000000000000e-2 8.264100551647318e-1
9.850000000000000e-2 8.248563903293994e-1
9.900000000000000e-2 8.338557691844704e-1
9.950000000000000e-2 8.232738350322530e-1
1.000000000000000e-1 8.228854188234198e-1
1.005000000000000e-1 8.342490004702725e-1
1.010000000000000e-1 8.303301698277646e-1
1.015000000000000e-1 8.326792853783768e-1
1.020000000000000e-1 8.185743199105038e-1
1.025000000000000e-1 8.432580094792814e-1
1.030000000000000e-1 8.405166256582611e-1
1.035000000000000e-1 8.256268026444402e-1
1.040000000000000e-1 8.275865389708254e-1
1.045000000000000e-1 8.338541641588141e-1
1.050000000000000e-1 8.428670252293982e-1
1.055000000000000e-1 8.315044065979395e-1
1.060000000000000e-1 8.416929489617891e-1
1.065000000000000e-1 8.413005201888154e-1
1.070000000000000e-1 8.428687907576202e-1
1.075000000000000e-1 8.510969547848222e-1
1.080000000000000e-1 8.507050075195451e-1
1.085000000000000e-1 8.589326900390502e-1
1.090000000000000e-1 8.487468762188163e-1
1.095000000000000e-1 8.456124216145595e-1
1.100000000000000e-1 8.475691083921976e-1
1.105000000000000e-1 8.542309278813821e-1
1.110000000000000e-1 8.573652219830734e-1
1.115000000000000e-1 8.538399436314989e-1
1.120000000000000e-1 8.644218777837163e-1
1.125000000000000e-1 8.448267615557834e-1
1.130000000000000e-1 8.593252793145898e-1
1.135000000000000e-1 8.569734352203619e-1
1.140000000000000e-1 8.648118990182058e-1
1.145000000000000e-1 8.648127015310341e-1
1.150000000000000e-1 8.612846946358438e-1
1.155000000000000e-1 8.577584532688755e-1
1.160000000000000e-1 8.589355790852317e-1
1.165000000000000e-1 8.648114175105090e-1
1.170000000000000e-1 8.640281649902174e-1
1.175000000000000e-1 8.734324918183818e-1
1.180000000000000e-1 8.730410260608016e-1
1.185000000000000e-1 8.667717958471566e-1
1.190000000000000e-1 8.742155838361077e-1
1.195000000000000e-1 8.632452334750570e-1
1.200000000000000e-1 8.710822527498102e-1
1.205000000000000e-1 8.695135006733082e-1
1.210000000000000e-1 8.761759621727554e-1
1.215000000000000e-1 8.726484367852619e-1
1.220000000000000e-1 8.777435907312979e-1
1.225000000000000e-1 8.816616188609774e-1
1.230000000000000e-1 8.750006018846210e-1
1.235000000000000e-1 8.785276457644176e-1
1.240000000000000e-1 8.891071723781504e-1
1.245000000000000e-1 8.851883417356427e-1
1.250000000000000e-1 8.793110587872747e-1
1.255000000000000e-1 8.957696338775976e-1
1.260000000000000e-1 8.820537266288202e-1
1.265000000000000e-1 8.875389018093453e-1
1.270000000000000e-1 8.832295684246512e-1
1.275000000000000e-1 8.867580568275384e-1
1.280000000000000e-1 8.875385808042141e-1
1.285000000000000e-1 8.808788478483827e-1
1.290000000000000e-1 8.938103790589093e-1
1.295000000000000e-1 8.895004036639525e-1
1.300000000000000e-1 8.981192309359066e-1
1.305000000000000e-1 8.883224753347683e-1
1.310000000000000e-1 8.949847763316496e-1
1.315000000000000e-1 8.965512813722328e-1
1.320000000000000e-1 9.051744422134587e-1
1.325000000000000e-1 8.891078143884130e-1
1.330000000000000e-1 8.953780076174518e-1
1.335000000000000e-1 9.051741212083274e-1
1.340000000000000e-1 8.910656246840106e-1
1.345000000000000e-1 8.930243979950019e-1
1.350000000000000e-1 8.969429076323786e-1
1.355000000000000e-1 8.938089345358186e-1
1.360000000000000e-1 8.945931500715038e-1
1.365000000000000e-1 9.020391850963738e-1
1.370000000000000e-1 9.016472378310968e-1
1.375000000000000e-1 9.059559292055283e-1
1.380000000000000e-1 9.063477159682398e-1
1.385000000000000e-1 8.996858964790554e-1
1.390000000000000e-1 9.063470739579773e-1
1.395000000000000e-1 9.012551300632541e-1
1.400000000000000e-1 9.059576947337502e-1
1.405000000000000e-1 9.047818529379192e-1
1.410000000000000e-1 9.024301693462570e-1
1.415000000000000e-1 9.016457933080059e-1
1.420000000000000e-1 9.114436724271038e-1
1.425000000000000e-1 9.036055296343910e-1
1.430000000000000e-1 8.953772051046235e-1
1.435000000000000e-1 9.106575308606309e-1
1.440000000000000e-1 9.055630189248574e-1
1.445000000000000e-1 9.169272425819726e-1
1.450000000000000e-1 9.114412648886192e-1
1.455000000000000e-1 9.122259619320014e-1
1.460000000000000e-1 9.098745993454704e-1
1.465000000000000e-1 9.149694322863750e-1
1.470000000000000e-1 9.208484807629650e-1
1.475000000000000e-1 9.102667071133131e-1
1.480000000000000e-1 9.102671886210102e-1
1.485000000000000e-1 9.208465547321773e-1
1.490000000000000e-1 9.110496386284734e-1
1.495000000000000e-1 9.181035658855006e-1
1.500000000000000e-1 9.134027667432264e-1
1.505000000000000e-1 9.212385019974544e-1
1.510000000000000e-1 9.149689507786781e-1
1.515000000000000e-1 9.134019642303982e-1
1.520000000000000e-1 9.141855377558210e-1
1.525000000000000e-1 9.231990408366678e-1
1.530000000000000e-1 9.169277240896696e-1
1.535000000000000e-1 9.208486412655306e-1
1.540000000000000e-1 9.212383414948886e-1
1.545000000000000e-1 9.161441505642467e-1
1.550000000000000e-1 9.177122606304861e-1
1.555000000000000e-1 9.228080565867845e-1
1.560000000000000e-1 9.333872621953861e-1
1.565000000000000e-1 9.224125782650637e-1
1.570000000000000e-1 9.181051709111570e-1
1.575000000000000e-1 9.333869411902549e-1
1.580000000000000e-1 9.282917872442190e-1
1.585000000000000e-1 9.153625030696114e-1
1.590000000000000e-1 9.161444715693781e-1
1.595000000000000e-1 9.239808488338685e-1
1.600000000000000e-1 9.251570116348310e-1
1.605000000000000e-1 9.220251250716243e-1
1.610000000000000e-1 9.290750397645106e-1
1.615000000000000e-1 9.424004442711016e-1
1.620000000000000e-1 9.357379827716546e-1
1.625000000000000e-1 9.365217167996429e-1
1.630000000000000e-1 9.310349365934614e-1
1.635000000000000e-1 9.267257637113330e-1
1.640000000000000e-1 9.337772834298755e-1
1.645000000000000e-1 9.326017626391757e-1
1.650000000000000e-1 9.243752036376301e-1
1.655000000000000e-1 9.333883857133456e-1
1.660000000000000e-1 9.322106178867270e-1
1.665000000000000e-1 9.298589342950646e-1
1.670000000000000e-1 9.349552117590598e-1
1.675000000000000e-1 9.322096548713331e-1
1.680000000000000e-1 9.349540882411006e-1
1.685000000000000e-1 9.369147875828795e-1
1.690000000000000e-1 9.333872621953861e-1
1.695000000000000e-1 9.243732776068426e-1
1.700000000000000e-1 9.318183496163186e-1
1.705000000000000e-1 9.400474766589142e-1
1.710000000000000e-1 9.431844993042213e-1
1.715000000000000e-1 9.518030055710440e-1
1.720000100000000e-1 9.486680694590904e-1
1.725000100000000e-1 9.365213957945118e-1
1.730000100000000e-1 9.306447548564064e-1
1.735000100000000e-1 9.373027222840157e-1
1.740000100000000e-1 9.294676290400502e-1
1.745000100000000e-1 9.298598973104584e-1
1.750000100000000e-1 9.294669870297877e-1
1.755000100000000e-1 9.392647056463197e-1
1.760000100000000e-1 9.478854589490613e-1
1.765000000000000e-1 9.357384642793514e-1
1.770000000000000e-1 9.423998022608390e-1
1.775000000000000e-1 9.412228369470485e-1
1.780000000000000e-1 9.474927091709560e-1
1.785000000000000e-1 9.337790489580976e-1
1.790000000000000e-1 9.435745205387109e-1
1.795000000000000e-1 9.416131791866693e-1
1.800000000000000e-1 9.474955982171374e-1
1.805000000000000e-1 9.514113793108982e-1
1.810000000000000e-1 9.447495598217138e-1
1.815000000000000e-1 9.306431498307499e-1
1.820000000000000e-1 9.518047710992659e-1
1.825000000000000e-1 9.376975585954739e-1
1.830000000000000e-1 9.537625813948635e-1
1.835000000000000e-1 9.467099381583614e-1
1.840000000000000e-1 9.373038458019752e-1
1.845000000000000e-1 9.435753230515389e-1
1.850000000000000e-1 9.416144632071944e-1
1.855000000000000e-1 9.412223554393517e-1
1.860000000000000e-1 9.329945124172810e-1
1.865000000000000e-1 9.463195959187406e-1
1.870000000000000e-1 9.365234823278650e-1
1.875000000000000e-1 9.467118641891491e-1
1.880000000000000e-1 9.506274847803442e-1
1.885000000000000e-1 9.592472750676918e-1
1.890000000000000e-1 9.580735198052139e-1
1.895000000000000e-1 9.486712795104030e-1
1.900000000000000e-1 9.482758011886819e-1
1.905000000000000e-1 9.521943108260586e-1
1.910000000000000e-1 9.467100986609272e-1
1.915000000000000e-1 9.451410255792938e-1
1.920000000000000e-1 9.459250806124136e-1
1.925000000000000e-1 9.373036852994096e-1
1.930000000000000e-1 9.588567723255054e-1
1.935000000000000e-1 9.471006014031134e-1
1.940000000000000e-1 9.447489178114510e-1
1.945000000000000e-1 9.533711156372834e-1
1.950000000000000e-1 9.471006014031134e-1
1.955000000000000e-1 9.537608158666416e-1
1.960000000000000e-1 9.502365005304610e-1
1.965000000000000e-1 9.388724373759114e-1
1.970000000000000e-1 9.525885051272544e-1
1.975000000000000e-1 9.600300460802866e-1
1.980000000000000e-1 9.537635444102573e-1
1.985000000000000e-1 9.631678712384216e-1
1.990000000000000e-1 9.533717576475461e-1
1.995000000000000e-1 9.474919066581278e-1
2.000000000000000e-1 9.498435902497901e-1
2.005000000000000e-1 9.510220000866714e-1
2.010000000000000e-1 9.541550101678376e-1
2.015000000000000e-1 9.635578924729112e-1
2.020000000000000e-1 9.576809305296744e-1
2.025000000000000e-1 9.572880202490037e-1
2.030000000000000e-1 9.541535656447467e-1
2.035000000000000e-1 9.616007241875762e-1
2.040000000000000e-1 9.678680283704334e-1
2.045000000000000e-1 9.541556521781000e-1
2.050000000000000e-1 9.565060517492371e-1
2.055000000000000e-1 9.521944713286242e-1
2.060000000000000e-1 9.525822455271947e-1
2.065000000000000e-1 9.635604605139613e-1
2.070000000000000e-1 9.506278057854755e-1
2.075000000000000e-1 9.580707912615982e-1
2.080000000000000e-1 9.710020014669934e-1
2.085000000000000e-1 9.533701526218896e-1
2.090000000000000e-1 9.588567723255054e-1
2.095000000000000e-1 9.604252033968763e-1
2.100000000000000e-1 9.592477565753888e-1
2.105000000000000e-1 9.596416298714534e-1
2.110000000000000e-1 9.682622226716293e-1
2.115000000000000e-1 9.580728777949515e-1
2.120000000000000e-1 9.568978385119485e-1
2.125000000000000e-1 9.584635410397034e-1
2.130000000000000e-1 9.702251690493274e-1
2.135000000000000e-1 9.698250361532029e-1
2.140000000000000e-1 9.529772423412187e-1
2.145000000000000e-1 9.549389046983915e-1
2.150000000000000e-1 9.549381021855634e-1
2.155000000000000e-1 9.565079777800248e-1
2.160000000000000e-1 9.596408273586253e-1
2.165000000000000e-1 9.608160271441938e-1
2.170000000000000e-1 9.674799331667317e-1
2.175000000000000e-1 9.592483985856512e-1
2.180000000000000e-1 9.592458305446013e-1
2.185000000000000e-1 9.678688308832616e-1
2.190000000000000e-1 9.659108600850984e-1
2.195000000000000e-1 9.608163481493251e-1
2.200000000000000e-1 9.678691518883930e-1
2.205000000000000e-1 9.639520867741070e-1
2.210000000000000e-1 9.592416574778947e-1
2.215000000000000e-1 9.545471179356802e-1
2.220000000000000e-1 9.572880202490037e-1
2.225000000000000e-1 9.710052115183061e-1
2.230000000000000e-1 9.604232773660886e-1
2.235000000000000e-1 9.678689913858272e-1
2.240000000000000e-1 9.670850968552731e-1
2.245000000000000e-1 9.670873438911920e-1
2.250000000000000e-1 9.623860632412210e-1
2.255000000000000e-1 9.541545286601406e-1
2.260000000000000e-1 9.690506112740211e-1
2.265000000000000e-1 9.549366576624726e-1
2.270000000000000e-1 9.780586572676365e-1
2.275000000000000e-1 9.682590126203166e-1
2.280000000000000e-1 9.643432315265558e-1
2.285000000000000e-1 9.596398643432315e-1
2.290000000000000e-1 9.612084559171678e-1
2.295000000000000e-1 9.572832051720346e-1
2.300000000000000e-1 9.690456356944866e-1
2.305000000000000e-1 9.698287277122125e-1
2.310000000000000e-1 9.612097399376928e-1
2.315000000000000e-1 9.623770750975454e-1
2.320000000000000e-1 9.729633428190349e-1
2.325000000000000e-1 9.776654259818342e-1
2.330000000000000e-1 9.612070113940771e-1
2.335000000000000e-1 9.627744794500541e-1
2.340000000000000e-1 9.674764021102877e-1
2.345000000000000e-1 9.643437130342526e-1
2.350000000000000e-1 9.717932791155667e-1
2.355000000000000e-1 9.764847691090341e-1
2.360000000000000e-1 9.721714231601990e-1
2.365000000000000e-1 9.663008813195878e-1
2.370000000000000e-1 9.662997578016285e-1
2.375000000000000e-1 9.553303704559717e-1
2.380000000000000e-1 9.780496691239608e-1
2.385000000000000e-1 9.615991191619198e-1
2.390000000000000e-1 9.694371014520666e-1
2.395000000000000e-1 9.702217984954490e-1
2.400000000000000e-1 9.663040913709005e-1
2.405000000000000e-1 9.702219589980146e-1
2.410000000000000e-1 9.717884640385976e-1
2.415000000000000e-1 9.698287277122125e-1
2.420000000000000e-1 9.717900690642539e-1
2.425000000000000e-1 9.737385702110446e-1
2.430000000000000e-1 9.757079366913680e-1
2.435000000000000e-1 9.803983031668762e-1
2.440000000000000e-1 9.682622226716293e-1
2.445000000000000e-1 9.745303293673149e-1
2.450000000000000e-1 9.721704601448053e-1
2.455000000000000e-1 9.717884640385976e-1
2.460000000000000e-1 9.800110104760024e-1
2.465000000000000e-1 9.678697938986555e-1
2.470000000000000e-1 9.811890993077523e-1
2.475000000000000e-1 9.749230791454202e-1
2.480000000000000e-1 9.678641763088582e-1
2.485000000000000e-1 9.702193909569645e-1
2.490000000000000e-1 9.749229186428544e-1
2.495000000000000e-1 9.651227924878378e-1
2.500000000000000e-1 9.706135852581603e-1
2.505000000000000e-1 9.702213169877520e-1
2.510000000000000e-1 9.761064645618360e-1
2.515000000000000e-1 9.757047266400554e-1
2.520000000000000e-1 9.682606176459731e-1
2.525000000000000e-1 9.670850968552731e-1
2.530000000000000e-1 9.678675468627366e-1
2.535000000000000e-1 9.686527254138157e-1
2.540000000000000e-1 9.635611025242238e-1
2.545000000000000e-1 9.717862170026787e-1
2.550000000000000e-1 9.643429105214246e-1
2.555000000000000e-1 9.717899085616882e-1
2.560000000000000e-1 9.733533640535243e-1
2.565000000000000e-1 9.682596546305794e-1
2.570000000000000e-1 9.713952327527955e-1
2.575000000000000e-1 9.717878220283350e-1
2.580000000000000e-1 9.808006830989194e-1
2.585000000000000e-1 9.678643368114238e-1
2.590000000000000e-1 9.760979579258574e-1
2.595000000000000e-1 9.745234277569926e-1
2.600000000000000e-1 9.643427500188589e-1
2.605000000000000e-1 9.694348544161477e-1
2.610000000000000e-1 9.784486785021258e-1
2.615000000000000e-1 9.741382215994723e-1
2.620000000000000e-1 9.721807323090059e-1
2.625000000000000e-1 9.729627008087723e-1
2.630000000000000e-1 9.725717165588891e-1
2.635000000000000e-1 9.780576942522427e-1
2.640000000000000e-1 9.772792568089200e-1
2.645000000000000e-1 9.694369409495010e-1
2.650000000000000e-1 9.749214741197638e-1
2.655000000000000e-1 9.811987294616904e-1
2.660000000000000e-1 9.710029644823872e-1
2.665000000000000e-1 9.698280857019499e-1
2.670000000000000e-1 9.745298478596181e-1
2.675000000000000e-1 9.694306813494413e-1
2.680000000000000e-1 9.745298478596181e-1
2.685000000000000e-1 9.721810533141371e-1
2.690000000000000e-1 9.706119802325040e-1
2.695000000000000e-1 9.764879791603469e-1
2.700000000000000e-1 9.670905539425048e-1
2.705000000000000e-1 9.772696266549819e-1
2.710000000000000e-1 9.792341780583362e-1
2.715000000000000e-1 9.780565707342832e-1
2.720000000000000e-1 9.749235606531170e-1
2.725000000000000e-1 9.706140667658571e-1
2.730000000000000e-1 9.753147054055659e-1
2.735000000000000e-1 9.851069669348664e-1
2.740000000000000e-1 9.827588143996482e-1
2.745000000000000e-1 9.780560892265862e-1
2.750000000000000e-1 9.725701115332328e-1
2.755000000000000e-1 9.721768802474307e-1
2.760000000000000e-1 9.690445121765270e-1
2.765000000000000e-1 9.772728367062947e-1
2.770000000000000e-1 9.776660679920968e-1
2.775000000000000e-1 9.768812104461490e-1
2.780000000000000e-1 9.800078004246898e-1
2.785000000000000e-1 9.839449283596798e-1
2.790000000000000e-1 9.819723518280438e-1
2.795000000000000e-1 9.741324435071094e-1
2.800000000000000e-1 9.796161741645440e-1
2.805000000000000e-1 9.710052115183061e-1
2.810000000000000e-1 9.788361316955651e-1
2.815000000000000e-1 9.713997268246333e-1
2.820000000000000e-1 9.706135852581603e-1
2.825000000000000e-1 9.710020014669934e-1
2.830000000000000e-1 9.776612529151277e-1
2.835000000000000e-1 9.678657813345146e-1
2.840000000000000e-1 9.757074551836710e-1
2.845000000000000e-1 9.729649478446912e-1
2.850000000000000e-1 9.764911892116595e-1
2.855000000000000e-1 9.815839356192109e-1
2.860000000000000e-1 9.733549690791808e-1
2.865000000000000e-1 9.808006830989194e-1
2.870000000000000e-1 9.710052115183061e-1
2.875000000000000e-1 9.851101769861790e-1
2.880000000000000e-1 9.776724880947221e-1
2.885000000000000e-1 9.756989485476925e-1
2.890000000000000e-1 9.800110104760024e-1
2.895000000000000e-1 9.764895841860032e-1
2.900000000000000e-1 9.843253194402312e-1
2.905000000000000e-1 9.678683493755646e-1
2.910000000000000e-1 9.811911858411056e-1
2.915000000000000e-1 9.690454751919208e-1
2.920000000000000e-1 9.784534935790949e-1
2.925000000000000e-1 9.682638276972858e-1
2.930000000000000e-1 9.725733215845454e-1
2.935000000000000e-1 9.756999115630862e-1
2.940000000000000e-1 9.714000478297646e-1
2.945000000000000e-1 9.894196708734389e-1
2.950000000000000e-1 9.780560892265862e-1
2.955000000000000e-1 9.827528758047197e-1
2.960000000000000e-1 9.905993647308451e-1
2.965000000000000e-1 9.866814971037312e-1
2.970000000000000e-1 9.745346629365870e-1
2.975000000000000e-1 9.815775155165854e-1
2.980000000000000e-1 9.831567002598536e-1
2.985000000000000e-1 9.843349495941693e-1
2.990000000000000e-1 9.847121306234080e-1
2.995000000000000e-1 9.757069736759741e-1
3.000000000000000e-1 9.819691417767312e-1
3.005000000000000e-1 9.757088997067616e-1
3.010000000000000e-1 9.847185507260333e-1
3.015000000000000e-1 9.823731267344307e-1
3.020000000000000e-1 9.788409467725342e-1
3.025000000000000e-1 9.776660679920968e-1
3.030000000000000e-1 9.823703981908150e-1
3.035000000000000e-1 9.768765558717456e-1
3.040000000000000e-1 9.800132575119213e-1
3.045000000000000e-1 9.890312546646059e-1
3.050000000000000e-1 9.823655831138461e-1
3.055000000000000e-1 9.733551295817464e-1
3.060000000000000e-1 9.733501540022115e-1
3.065000000000000e-1 9.753082853029405e-1
3.070000000000000e-1 9.796290143697947e-1
3.075000000000000e-1 9.682622226716293e-1
3.080000000000000e-1 9.874647496240227e-1
3.085000000000000e-1 9.768844204974616e-1
3.090000000000000e-1 9.870667032612515e-1
3.095000000000000e-1 9.784446659379850e-1
3.100000000000000e-1 9.862818457153037e-1
3.105000000000000e-1 9.905897345769072e-1
3.110000000000000e-1 9.851117820118355e-1
3.115000000000000e-1 9.804090568387736e-1
3.120000000000000e-1 9.764895841860032e-1
3.125000000000000e-1 9.772648115780130e-1
3.130000000000000e-1 9.768796054204926e-1
3.135000000000000e-1 9.772696266549819e-1
3.140000000000000e-1 9.776644629664405e-1
3.145000000000000e-1 9.780560892265862e-1
3.150000000000000e-1 9.796258043184821e-1
3.155000000000000e-1 9.784525305637010e-1
3.160000000000000e-1 9.815919607474925e-1
3.165000000000000e-1 9.890264395876366e-1
3.170000000000000e-1 9.804074518131173e-1
3.175000000000000e-1 9.804090568387736e-1
3.180000000000000e-1 9.858998496090960e-1
3.185000000000000e-1 9.694290763237850e-1
3.190000000000000e-1 9.831520456854502e-1
3.195000000000000e-1 9.760995629515138e-1
3.200000000000000e-1 9.772744417319510e-1
3.205000000000000e-1 9.894180658477824e-1
3.210000000000000e-1 9.737482003649827e-1
3.215000000000000e-1 9.902061334450432e-1
3.220000000000000e-1 9.764879791603469e-1
3.225000000000000e-1 9.831504406597939e-1
3.230000000000000e-1 9.741398266251285e-1
3.235000000000000e-1 9.670862203732325e-1
3.240000000000000e-1 9.827604194253045e-1
3.245000000000000e-1 9.757127517683371e-1
3.250000000000000e-1 9.800222456555966e-1
3.255000000000000e-1 9.792357830839925e-1
3.260000000000000e-1 9.741382215994723e-1
3.265000000000000e-1 9.811923093590651e-1
3.270000000000000e-1 9.808071032015446e-1
3.275000000000000e-1 9.768818524564115e-1
3.280000000000000e-1 9.874647496240227e-1
3.285000000000000e-1 9.796274093441382e-1
3.290000000000000e-1 9.796258043184821e-1
3.295000000000000e-1 9.733533640535243e-1
3.300000000000000e-1 9.827588143996482e-1
3.305000000000000e-1 9.780560892265862e-1
3.310000000000000e-1 9.901981083167614e-1
3.315000000000000e-1 9.776606109048653e-1
3.320000000000000e-1 9.823671881395024e-1
3.325000000000000e-1 9.780592992778989e-1
3.330000000000000e-1 9.835388568686270e-1
3.335000000000000e-1 9.909877809396782e-1
3.340000000000000e-1 9.788409467725342e-1
3.345000000000000e-1 9.764943992629722e-1
3.350000000000000e-1 9.760979579258574e-1
3.355000000000000e-1 9.843301345172002e-1
3.360000000000000e-1 9.768828154718053e-1
3.365000000000000e-1 9.855018032463248e-1
3.370000000000000e-1 9.894212758990952e-1
3.375000000000000e-1 9.819771669050130e-1
3.380000000000000e-1 9.917742435112824e-1
3.385000000000000e-1 9.819723518280438e-1
3.390000000000000e-1 9.741430366764411e-1
3.395000000000000e-1 9.953052999552198e-1
3.400000000000000e-1 9.800190356042840e-1
3.405000000000000e-1 9.807990780732630e-1
3.410000000000000e-1 9.745330579109307e-1
3.415000000000000e-1 9.737488423752453e-1
3.420000000000000e-1 9.831520456854502e-1
3.425000000000000e-1 9.866814971037312e-1
3.430000000000000e-1 9.796193842158566e-1
3.435000000000000e-1 9.925542859802613e-1
3.440000100000000e-1 9.729652688498226e-1
3.445000100000000e-1 9.870779384408459e-1
3.450000100000000e-1 9.706137457607261e-1
3.455000100000000e-1 9.847201557516898e-1
3.460000100000000e-1 9.882496071699706e-1
3.465000100000000e-1 9.839352982057416e-1
3.470000100000000e-1 9.788361316955651e-1
3.475000100000000e-1 9.780576942522427e-1
3.480000100000000e-1 9.768796054204926e-1
3.485000100000000e-1 9.788393417468778e-1
3.490000100000000e-1 9.808008436014850e-1
3.495000100000000e-1 9.807990780732630e-1
3.500000100000000e-1 9.804064887977234e-1
3.505000100000000e-1 9.827588143996482e-1
3.510000100000000e-1 9.686532069215126e-1
3.515000100000000e-1 9.808006830989194e-1
3.520000100000000e-1 9.870667032612515e-1
3.525000000000000e-1 9.858837993525326e-1
3.530000000000000e-1 9.894212758990952e-1
3.535000000000000e-1 9.780567312368486e-1
3.540000000000000e-1 9.874583295213973e-1
3.545000000000000e-1 9.819803769563256e-1
3.550000000000000e-1 9.761011679771701e-1
3.555000000000000e-1 9.788425517981904e-1
3.560000000000000e-1 9.737465953393266e-1
3.565000000000000e-1 9.807974730476066e-1
3.570000000000000e-1 9.741382215994723e-1
3.575000000000000e-1 9.768796054204926e-1
3.580000000000000e-1 9.804138719157424e-1
3.585000000000000e-1 9.827604194253045e-1
3.590000000000000e-1 9.713968377784518e-1
3.595000000000000e-1 9.882399770160326e-1
3.600000000000000e-1 9.784412953841066e-1
3.605000000000000e-1 9.764976093142848e-1
3.610000000000000e-1 9.847153406747206e-1
3.615000000000000e-1 9.757085787016306e-1
3.620000000000000e-1 9.772744417319510e-1
3.625000000000000e-1 9.819691417767312e-1
3.630000000000000e-1 9.757047266400554e-1
3.635000000000000e-1 9.839320881544291e-1
3.640000000000000e-1 9.792271159454483e-1
3.645000000000000e-1 9.823720032164714e-1
3.650000000000000e-1 9.772712316806384e-1
3.655000000000000e-1 9.749182640684512e-1
3.660000000000000e-1 9.823671881395024e-1
3.665000000000000e-1 9.827581723893856e-1
3.670000000000000e-1 9.796258043184821e-1
3.675000000000000e-1 9.906025747821579e-1
3.680000000000000e-1 9.847281808799712e-1
3.685000000000000e-1 9.827684445535862e-1
3.690000000000000e-1 9.800190356042840e-1
3.695000000000000e-1 9.780615463138178e-1
3.700000000000000e-1 9.768796054204926e-1
3.705000000000000e-1 9.823591630112208e-1
3.710000000000000e-1 9.847201557516898e-1
3.715000000000000e-1 9.855034082719813e-1
3.720000000000000e-1 9.811907043334088e-1
3.725000000000000e-1 9.710020014669934e-1
3.730000000000000e-1 9.678731644525338e-1
3.735000000000000e-1 9.784486785021258e-1
3.740000000000000e-1 9.823649411035835e-1
3.745000000000000e-1 9.886413939326821e-1
3.750000000000000e-1 9.882399770160326e-1
3.755000000000000e-1 9.835436719455960e-1
3.760000000000000e-1 9.890232295363242e-1
3.765000000000000e-1 9.874567244957411e-1
3.770000000000000e-1 9.768821734615427e-1
3.775000000000000e-1 9.753179154568786e-1
3.780000000000000e-1 9.764879791603469e-1
3.785000000000000e-1 9.905897345769072e-1
3.790000000000000e-1 9.811923093590651e-1
3.795000000000000e-1 9.898048770309594e-1
3.800000000000000e-1 9.686522439061189e-1
3.805000000000000e-1 9.902077384706994e-1
3.810000000000000e-1 9.749219556274606e-1
3.815000000000000e-1 9.901981083167614e-1
3.820000000000000e-1 9.839320881544291e-1
3.825000000000000e-1 9.851037568835538e-1
3.830000000000000e-1 9.827539993226792e-1
3.835000000000000e-1 9.851101769861790e-1
3.840000000000000e-1 9.851149920631482e-1
3.845000000000000e-1 9.764884606680437e-1
3.850000000000000e-1 9.925446558263234e-1
3.855000000000000e-1 9.929539373686888e-1
3.860000000000000e-1 9.827572093739918e-1
3.865000000000000e-1 9.866782870524186e-1
3.870000000000000e-1 9.823687931651587e-1
3.875000000000000e-1 9.788377367212216e-1
3.880000000000000e-1 9.905961546795325e-1
3.885000000000000e-1 9.835404618942834e-1
3.890000000000000e-1 9.870667032612515e-1
3.895000000000000e-1 9.851101769861790e-1
3.900000000000000e-1 9.839272730774602e-1
3.905000000000000e-1 9.772744417319510e-1
3.910000000000000e-1 9.843221093889186e-1
3.915000000000000e-1 9.796258043184821e-1
3.920000000000000e-1 9.874599345470536e-1
3.925000000000000e-1 9.855018032463248e-1
3.930000000000000e-1 9.686532069215126e-1
3.935000000000000e-1 9.909909909909910e-1
3.940000000000000e-1 9.749222766325918e-1
3.945000000000000e-1 9.870747283895333e-1
3.950000000000000e-1 9.768763953691798e-1
3.955000000000000e-1 9.878483507558869e-1
3.960000000000000e-1 9.949040435411360e-1
3.965000000000000e-1 9.894171028323886e-1
3.970000000000000e-1 9.835452769712523e-1
3.975000000000000e-1 9.886380233788035e-1
3.980000000000000e-1 9.835454374738181e-1
3.985000000000000e-1 9.753147054055659e-1
3.990000000000000e-1 9.804090568387736e-1
3.995000000000000e-1 9.706126222427666e-1
4.000000000000000e-1 9.843327025582504e-1
4.005000000000000e-1 9.768828154718053e-1
4.010000000000000e-1 9.827588143996482e-1
4.015000000000000e-1 9.760883277719194e-1
4.020000000000000e-1 9.956905061127402e-1
4.025000000000000e-1 9.851069669348664e-1
4.030000000000000e-1 9.843285294915440e-1
4.035000000000000e-1 9.878563758841685e-1
4.040000000000000e-1 9.862882658179291e-1
4.045000000000000e-1 9.792319310224173e-1
4.050000000000000e-1 9.776660679920968e-1
4.055000000000000e-1 9.768812104461490e-1
4.060000000000000e-1 9.902013183680741e-1
4.065000000000000e-1 9.741382215994723e-1
4.070000000000000e-1 9.823671881395024e-1
4.075000000000000e-1 9.768844204974616e-1
4.080000000000000e-1 9.945156273323029e-1
4.085000000000000e-1 9.905881295512507e-1
4.090000000000000e-1 9.831552557367629e-1
4.095000000000000e-1 9.815855406448672e-1
4.100000000000000e-1 9.788409467725342e-1
4.105000000000000e-1 9.858870094038453e-1
4.110000000000000e-1 9.862818457153037e-1
4.115000000000000e-1 9.831520456854502e-1
4.120000000000000e-1 9.753098903285970e-1
4.125000000000000e-1 9.741398266251285e-1
4.130000000000000e-1 9.839417183083670e-1
4.135000000000000e-1 9.745346629365870e-1
4.140000000000000e-1 1.000000000000000e+0
4.145000000000000e-1 9.827588143996482e-1
4.150000000000000e-1 9.823639780881896e-1
4.155000000000000e-1 9.792325730326800e-1
4.160000000000000e-1 9.686538489317750e-1
4.165000000000000e-1 9.753161499286566e-1
4.170000000000000e-1 9.823720032164714e-1
4.175000000000000e-1 9.788473668751594e-1
4.180000000000000e-1 9.760957108899386e-1
4.185000000000000e-1 9.796177791902003e-1
4.190000000000000e-1 9.741350115481597e-1
4.195000000000000e-1 9.964721536073754e-1
4.200000000000000e-1 9.804026367361482e-1
4.205000000000000e-1 9.792325730326800e-1
4.210000000000000e-1 9.811923093590651e-1
4.215000000000000e-1 9.757047266400554e-1
4.220000000000000e-1 9.800045903733770e-1
4.225000000000000e-1 9.858993681013990e-1
4.230000000000000e-1 9.772721946960322e-1
4.235000000000000e-1 9.721816953243997e-1
4.240000000000000e-1 9.749246841710765e-1
4.245000000000000e-1 9.764879791603469e-1
4.250000000000000e-1 9.757063316657117e-1
4.255000000000000e-1 9.729617377933786e-1
4.260000000000000e-1 9.847217607773459e-1
4.265000000000000e-1 9.780592992778989e-1
4.270000000000000e-1 9.823687931651587e-1
4.275000000000000e-1 9.941272111234698e-1
4.280000000000000e-1 9.717937606232635e-1
4.285000000000000e-1 9.745282428339616e-1
4.290000000000000e-1 9.757079366913680e-1
4.295000000000000e-1 9.811907043334088e-1
4.300000000000000e-1 9.823752132677840e-1
4.305000000000000e-1 9.796264463287445e-1
4.310000000000000e-1 9.780560892265862e-1
4.315000000000000e-1 9.725754081178987e-1
4.320000000000000e-1 9.647305242174296e-1
4.325000000000000e-1 9.902045284193867e-1
4.330000000000000e-1 9.792325730326800e-1
4.335000000000000e-1 9.917790585882515e-1
4.340000000000000e-1 9.870715183382206e-1
4.345000000000000e-1 9.811874942820960e-1
4.350000000000000e-1 9.843253194402312e-1
4.355000000000000e-1 9.717875010232038e-1
4.360000000000000e-1 9.851053619092101e-1
4.365000000000000e-1 9.792325730326800e-1
4.370000000000000e-1 9.823687931651587e-1
4.375000000000000e-1 9.866798920780749e-1
4.380000000000000e-1 9.843237144145749e-1
4.385000000000000e-1 9.819771669050130e-1
4.390000000000000e-1 9.831536507111066e-1
4.395000000000000e-1 9.858950345321270e-1
4.400000000000000e-1 9.858950345321270e-1
4.405000000000000e-1 9.827572093739918e-1
4.410000000000000e-1 9.784509255380446e-1
4.415000000000000e-1 9.874503043931157e-1
4.420000000000000e-1 9.678673863601709e-1
4.425000000000000e-1 9.811858892564397e-1
4.430000000000000e-1 9.874647496240227e-1
4.435000000000000e-1 9.878515608071994e-1
4.440000000000000e-1 9.858828363371389e-1
4.445000000000000e-1 9.772744417319510e-1
4.450000000000000e-1 9.886428384557728e-1
4.455000000000000e-1 9.753211255081912e-1
4.460000000000000e-1 9.702203539723582e-1
4.465000000000000e-1 9.760963529002011e-1
4.470000000000000e-1 9.780511136470515e-1
4.475000000000000e-1 9.858821943268762e-1
4.480000000000000e-1 9.717862170026787e-1
4.485000000000000e-1 9.768805684358864e-1
4.490000000000000e-1 9.823671881395024e-1
4.495000000000000e-1 9.839250260415411e-1
4.500000000000000e-1 9.694387064777230e-1
4.505000000000000e-1 9.800206406299405e-1
4.510000000000000e-1 9.729649478446912e-1
4.515000000000000e-1 9.882431870673451e-1
4.520000000000000e-1 9.886348133274909e-1
4.525000000000000e-1 9.780576942522427e-1
4.530000000000000e-1 9.858854043781890e-1
4.535000000000000e-1 9.902029233937304e-1
4.540000000000000e-1 9.815840961217765e-1
4.545000000000000e-1 9.800158255529715e-1
4.550000000000000e-1 9.854937781180432e-1
4.555000000000000e-1 9.870699133125643e-1
4.560000000000000e-1 9.925494709032923e-1
4.565000000000000e-1 9.827604194253045e-1
4.570000000000000e-1 9.847137356490643e-1
4.575000000000000e-1 9.776708830690658e-1
4.580000000000000e-1 9.921626597201155e-1
4.585000000000000e-1 9.804042417618045e-1
4.590000000000000e-1 9.796241992928258e-1
4.595000000000000e-1 9.792319310224173e-1
4.600000000000000e-1 9.737482003649827e-1
4.605000000000000e-1 9.713936277271392e-1
4.610000000000000e-1 9.835500920482213e-1
4.615000000000000e-1 9.753135818876064e-1
4.620000000000000e-1 9.925510759289486e-1
4.625000000000000e-1 9.796209892415130e-1
4.630000000000000e-1 9.768812104461490e-1
4.635000000000000e-1 9.858886144295016e-1
4.640000000000000e-1 9.839352982057416e-1
4.645000000000000e-1 9.909909909909910e-1
4.650000000000000e-1 9.882431870673451e-1
4.655000000000000e-1 9.905961546795325e-1
4.660000000000000e-1 9.800142205273150e-1
4.665000000000000e-1 9.753098903285970e-1
4.670000000000000e-1 9.862850557666163e-1
4.675000000000000e-1 9.800190356042840e-1
4.680000000000000e-1 9.807981150578691e-1
4.685000000000000e-1 9.780592992778989e-1
4.690000000000000e-1 9.768812104461490e-1
4.695000000000000e-1 9.666934705951274e-1
4.700000000000000e-1 9.666955571284806e-1
4.705000000000000e-1 9.913794071998240e-1
4.710000000000000e-1 9.839399527801451e-1
4.715000000000000e-1 9.757105047324181e-1
4.720000000000000e-1 9.737433852880139e-1
4.725000000000000e-1 9.835404618942834e-1
4.730000000000000e-1 9.815839356192109e-1
4.735000000000000e-1 9.792261529300546e-1
4.740000000000000e-1 9.713968377784518e-1
4.745000000000000e-1 9.733549690791808e-1
4.750000000000000e-1 9.761026125002608e-1
4.755000000000000e-1 9.874583295213973e-1
4.760000000000000e-1 9.780552867137581e-1
4.765000000000000e-1 9.937355848633240e-1
4.770000000000000e-1 9.827631479689203e-1
4.775000000000000e-1 9.902045284193867e-1
4.780000000000000e-1 9.713952327527955e-1
4.785000000000000e-1 9.757079366913680e-1
4.790000000000000e-1 9.737482003649827e-1
4.795000000000000e-1 9.764873371500843e-1
4.800000000000000e-1 9.811842842307834e-1
4.805000000000000e-1 9.839362612211357e-1
4.810000000000000e-1 9.639504817484507e-1
4.815000000000000e-1 9.753066802772842e-1
4.820000000000000e-1 9.839369032313981e-1
4.825000000000000e-1 9.686522439061189e-1
4.830000000000000e-1 9.753082853029405e-1
4.835000000000000e-1 9.690374500636392e-1
4.840000000000000e-1 9.780512741496173e-1
4.845000000000000e-1 9.839304831287728e-1
4.850000000000000e-1 9.878451407045742e-1
4.855000000000000e-1 9.870731233638770e-1
4.860000000000000e-1 9.874551194700846e-1
4.865000000000000e-1 9.855050132976374e-1
4.870000000000000e-1 9.866798920780749e-1
4.875000000000000e-1 9.741318014968469e-1
4.880000000000000e-1 9.862802406896474e-1
4.885000000000000e-1 9.808006830989194e-1
4.890000000000000e-1 9.827588143996482e-1
4.895000000000000e-1 9.753153474158283e-1
4.900000000000000e-1 9.760979579258574e-1
4.905000000000000e-1 9.800174305786278e-1
4.910000000000000e-1 9.710116316209314e-1
4.915000000000000e-1 9.768763953691798e-1
4.920000000000000e-1 9.753147054055659e-1
4.925000000000000e-1 9.855034082719813e-1
4.930000000000000e-1 9.854969881693558e-1
4.935000000000000e-1 9.823736082421277e-1
4.940000000000000e-1 9.737482003649827e-1
4.945000000000000e-1 9.800100474606086e-1
4.950000000000000e-1 9.780560892265862e-1
4.955000000000000e-1 9.800098869580429e-1
4.960000000000000e-1 9.808022881245755e-1
4.965000000000000e-1 9.800190356042840e-1
4.970000000000000e-1 9.839272730774602e-1
4.975000000000000e-1 9.870731233638770e-1
4.980000000000000e-1 9.909877809396782e-1
4.985000000000000e-1 9.827588143996482e-1
4.990000000000000e-1 9.831472306084811e-1
4.995000000000000e-1 9.807932999809002e-1
5.000000000000000e-1 9.819744383613971e-1
