  44.298   8.916  -6.822
  44.452   6.976  -2.517
  44.659   9.133  -2.298
  44.635   8.105  -3.005
  44.881   8.252  -4.537
  43.682   8.624  -5.514
  42.749    9.68  -4.869
  41.593   9.392  -4.474
  43.293  10.922  -4.826
  44.128  12.377  -7.279
  45.636  13.933  -7.148
  44.576   13.41  -6.766
  43.758  14.078   -5.65
  43.641  13.332  -4.298
  42.713  12.084  -4.122
  41.282  12.481  -4.489
  40.622  13.316  -3.851
  40.854  11.752  -5.521
  37.526  13.025  -8.176
  38.427  11.493  -9.436
  38.432  12.229  -8.441
  39.651  12.202  -7.523
   39.52  11.682  -6.078
  39.119  10.186  -5.975
  38.225   9.862  -5.194
  39.901    9.25  -6.579
  43.554   5.533  -7.002
  42.524   3.983  -5.885
  42.501   4.974  -6.633
  41.118   5.513  -7.105
  40.962   7.063   -7.09
   39.61   7.806  -6.815
  38.837   7.014  -5.761
  37.828   6.331  -6.039
  39.388   7.248  -4.553
  39.897   4.196  -3.482
  41.278   6.352  -3.261
  40.079    5.63  -2.906
  38.973   6.578  -3.315
  38.634   7.509   -2.16
  38.295   7.145   -1.03
  38.776   8.769  -2.508
  40.618  10.796  -1.233
  39.237  11.253  -3.149
  39.184      11  -1.771
  38.225   9.784  -1.668
  36.795  10.023  -2.232
  36.166  11.044  -1.976
  36.214   9.145  -3.054
  34.714   8.648  -4.881
  34.853   9.301  -3.531
  33.863   8.655  -2.566
   34.03   7.501  -2.162
  32.825   9.386  -2.167
   33.12   9.716   1.454
  31.815  11.773    1.37
  32.474    10.7   0.547
  31.444  10.025  -0.279
  31.862   8.896  -1.195
  30.601   8.286  -1.789
  29.954    8.95  -2.594
  30.156   7.076   -1.46
  30.143   5.123   -3.59
  27.744   4.743  -3.165
  29.046   5.189  -2.549
   28.93   6.599  -2.055
  27.982    6.63  -0.907
  28.287   6.128   0.179
  26.824   7.213  -1.198
  24.529   9.025   1.427
  25.899   8.766   0.296
  25.799   7.366  -0.199
  24.403   7.046  -0.701
  23.935   7.737  -1.589
  23.752   6.005  -0.154
  20.314   4.122  -1.871
  20.886   2.264  -1.001
  21.119   3.449  -1.231
  22.421   4.077  -0.722
   22.41   5.585  -0.526
   21.29   5.979   0.463
  21.077   5.468   1.574
  20.484   6.922  -0.011
    20.7  10.379  -0.938
  21.117   9.906    1.21
  20.402   9.767   0.212
  19.138    8.91   0.218
  19.406   7.516   0.746
  18.193   6.643   0.581
  17.359   6.828  -0.318
   18.19   5.655   1.482
  17.085   4.716   1.608
  15.931   5.197   2.502
  16.121   6.048   3.359
  14.716   4.649   2.374
  12.471   3.128   2.247
  12.351    4.55   2.407
  13.534   5.038   3.155
  13.435   4.556   4.618
  12.457   4.799   5.342
  14.454   3.807   5.052
  14.548    3.25   6.396
  16.016   3.148   6.779
  16.359   3.534   7.886
  16.909   2.623   5.927
  18.076  -1.107   6.538
   18.07   0.573   8.268
  18.799   0.065   7.087
  18.896   1.146   6.055
  18.336   2.547   6.216
  19.212   3.413   5.325
  19.116   3.377   4.091
  20.079   4.218   5.906
  20.292   6.884   5.837
  22.602   6.703   4.995
  21.492   6.013   5.739
  21.041   4.832   5.058
  22.139   3.814   4.879
  22.219   2.858   5.633
  22.951   3.895   3.849
  19.421    1.05   2.688
  20.802   1.493   2.735
  21.811   0.411    2.41
  23.137   0.642   3.126
  23.747   1.907   2.658
  24.046    2.97   3.667
  25.141   3.826   3.102
  25.085   4.111   1.911
  26.094   4.302   3.919
  27.483   6.219   4.481
  27.219   5.145   3.485
  28.524   4.407   3.313
  28.664   3.316   3.835
  29.513   4.946   2.632
  30.749   4.196   2.433
  31.697   4.893   1.468
  31.441   6.053    1.12
  32.771   4.202   1.027
  35.199   5.071   3.294
    35.3   5.841   4.444
  35.545   7.184   4.338
  35.685   7.714   3.066
  35.589    6.96   1.907
  35.335   5.619   2.027
  35.153   4.757   0.791
  33.776   4.824    0.16
  33.837   4.118  -1.185
  33.519   2.923  -1.243
  34.239   4.802  -2.279
  34.447   5.148  -4.738
  34.244   4.177  -3.594
  35.444   3.271  -3.595
  36.582    3.63  -3.294
  35.174   2.044   -3.94
  36.202   1.063  -3.831
  35.615   0.004  -2.949
  35.269  -1.028  -3.503
  35.392   0.276  -1.656
  34.638   1.477   2.198
  36.403   0.322   1.659
   35.21    0.61   1.529
  34.342  -0.132   0.537
  34.951   -0.73  -0.712
  33.916  -1.712  -1.203
  33.126   -1.43  -2.101
  33.944  -2.864  -0.531
  35.977  -5.527  -1.211
  34.416  -6.924  -1.789
  34.804  -5.938  -1.157
  33.772  -5.257  -0.256
  33.094  -4.013  -0.823
   31.66  -3.965  -0.313
  30.745  -4.587  -0.875
  31.511   -3.25   0.817
  30.064  -4.266   2.505
  30.249  -3.132   1.526
  30.225  -1.848   2.319
  31.267  -1.358   2.768
  29.036  -1.268   2.498
  26.792  -1.149   3.072
   27.73  -1.794    2.08
  27.369   0.229   3.095
  28.869    0.04   3.085
  29.508   0.257   4.434
  29.182  -0.416   5.396
  30.435   1.192    4.52
  36.137   3.453   6.079
  36.594   2.121   4.226
  35.831   2.395   5.296
  34.776   1.598   5.553
  33.964   1.741   6.759
  33.014   2.931   6.665
  32.006   2.704   5.561
  31.057   1.525   5.792
  30.065   1.859   6.909
  30.358   1.503   8.046
  28.899   2.493    6.67
  28.024   4.274   8.052
  27.943   2.829   7.731
  26.498   2.526   7.342
    26.1   2.663   6.186
  25.673   2.054   8.276
  25.062  -0.368   6.693
  22.721  -0.228   7.676
  24.187   0.138   7.852
  24.292   1.672   8.008
  23.511   2.123   9.245
  23.868   1.789  10.375
  22.433   2.874   9.098
  23.956   5.665   9.211
  24.294   6.775   8.504
  23.477   7.886   8.535
  22.315   7.907   9.264
  21.973   6.794   9.979
  22.797   5.678   9.956
   22.47    4.48  10.855
  21.695   3.387  10.242
  20.318   3.927   9.865
  20.178    4.52   8.793
  19.252   3.793  10.635
  18.183   3.728  12.595
  19.207   2.961  11.826
  17.161   4.027  11.528
  17.938   4.336  10.295
  17.818   5.782   9.838
   18.64   6.605  10.246
  16.868   6.133   8.977
  16.884   6.584   6.332
  16.217   7.553     7.1
  16.706   7.508   8.524
  15.652   8.163   9.419
  14.507   8.381   9.012
  16.055   8.494  10.651
  13.985   6.046  11.714
  15.136   6.539  12.596
  15.195   8.019  12.884
  13.926   8.313  13.632
  15.174   8.957  11.675
  15.711  10.284  12.118
   16.89   10.53  12.006
  14.921  11.182  12.653
  16.301  13.521  11.024
  15.764  14.963  13.019
  15.366  13.685  12.233
   15.44  12.423   13.19
   14.46  12.657  14.314
  13.262   12.88  14.114
  15.004  12.577  15.513
  14.203  12.824   16.68
  14.526  14.188  17.187
  15.642  14.628  16.984
  13.541  14.904   17.73
  14.223  19.072  12.221
  13.316  17.289  13.411
  13.806   18.55  13.386
  13.891  19.314   14.49
  13.302  18.929  15.774
  13.973  17.757  16.474
  13.112  17.328  17.653
   13.74  16.182  18.425
  13.092  16.073  19.806
  12.183  15.248  19.937
   13.49  16.721  20.906
  14.692  17.948    22.5
  14.754  17.402  21.074
  13.984  16.845  23.217
  12.913  16.405  22.205
  11.535  16.976  22.477
  11.089  17.959  21.888
  10.861  16.238  23.349
   6.776   11.47  25.811
    7.86  11.265  23.774
   7.144      12  24.643
   6.784  13.262  24.362
   7.147  13.884  23.112
   8.581  14.291   23.15
   8.737  15.355  24.219
   9.546  16.596  23.845
   9.663   17.47  25.105
    8.78  18.302  25.364
  10.732  17.303  25.935
   8.111  17.109   28.45
   7.224  16.228  28.077
   7.785  15.119  27.666
   9.079  15.262  27.764
   9.322  16.484  28.239
  10.701  17.113  28.402
  10.938  18.029  27.197
  12.329  18.579  27.285
  13.237  18.146  26.576
  12.532  19.536   28.17
  14.971  23.767  26.525
  14.052  21.936  25.521
  14.141  22.715  26.488
  13.272  22.531  27.723
  13.869  21.532  28.696
  13.863  20.091  28.272
  14.593  19.341  29.321
  14.041  19.088  30.385
  15.812  18.993  28.956
  16.704   18.34  29.887
  18.039  17.992  29.247
  18.317  18.533  28.174
  18.855  17.117  29.906
  21.342  17.545   31.51
  21.258   18.93  29.564
  21.368  17.498  30.033
  20.194  16.654  29.463
  20.509  15.217  29.862
  19.834  14.621  30.681
  21.495  14.567  29.304
  20.909   9.641   28.42
  20.103  11.175  28.015
  21.497  12.221  27.567
  22.447  12.421  28.696
   21.92  13.271  29.772
  23.107  13.592  30.664
  23.684  14.678  30.539
  23.562  12.668  31.522
  23.654  12.075   34.42
  25.997   11.75  34.212
  24.716  11.805  33.427
  24.643  12.948  32.445
  25.875  13.059  31.604
  26.153   12.08  30.912
  26.406   14.28  31.524
  27.639  14.581  30.844
  27.561  15.354  29.513
  28.568  15.828  28.956
  26.369  15.506  28.938
  27.541   13.91  24.253
  27.643  13.859  26.034
  25.892  13.977  26.434
  25.433   15.42  26.659
  26.236  16.209  27.674
  25.507  17.496  27.904
  25.038  17.809  28.998
   25.43  18.241  26.822
  24.674  19.471   26.81
  23.283  19.212  26.256
  22.897  18.076  25.898
  22.521  20.307  26.218
  17.705  21.547   27.49
  17.254   20.03  25.821
    17.9  21.005  26.268
  18.993  21.687  25.443
  20.433  21.508  25.962
    21.2  20.217  25.635
   21.45  20.046  24.145
  22.216  20.797  23.566
   20.96  19.015  23.514
  22.962  14.803  19.594
   23.93  14.997  20.686
  23.421  15.588  22.065
  22.991  17.075  22.181
  21.535  17.416  21.749
  21.152   18.87  22.098
  19.812  19.244  21.542
  18.823  19.096  22.246
  19.739  19.755  20.313
   20.47  20.599   17.37
  18.618  21.196  16.404
  19.309  21.037  17.421
  18.669  21.354  18.781
  18.466   20.14  19.704
  17.816  19.013  18.897
  16.639   19.14  18.532
  18.564   17.94  18.594
  19.131  17.884  16.051
  17.931  17.205  16.414
  18.063  16.813  17.836
  18.956  15.588  17.911
  20.039  15.602  18.488
  18.606   14.49   17.28
  21.262   13.56  23.519
  20.586  12.285  20.232
  21.187  12.562  21.423
  20.542  13.273  22.375
  19.266  13.711  22.159
  18.657   13.43  20.957
  19.322  12.719  19.984
  18.738  12.419  18.604
  19.335  13.243  17.423
  19.178  12.472  16.123
   18.07  12.483  15.585
  20.162   11.77   15.55
   20.12  13.135  12.862
  20.709  11.059  11.854
  20.745  11.779  13.171
  19.904   11.06  14.291
  20.191   9.548  14.355
  20.931   9.019  15.208
  19.516   8.846  13.439
  19.726   7.438  13.189
   19.45   6.556  14.373
  18.321   6.426  14.856
  20.547   5.975  14.841
  22.884   2.589  14.617
  20.851   2.003  15.114
  21.806   2.801  15.203
  21.679   4.083  16.073
  20.423   5.004  15.899
  20.208   5.782  17.156
  19.226   5.437  17.789
  20.922   6.829  17.571
  23.188   9.603  22.055
  23.239  10.522  20.112
  22.942   9.578   20.85
  22.242    8.34  20.304
  21.515    8.57  19.013
  20.567   7.461   18.82
  19.111   7.975  18.939
  18.539   8.054  20.022
  18.461   8.292  17.816
  16.727   9.304   16.44
  17.097   8.764    17.8
  16.186   7.611  18.109
  15.162    7.73  18.781
  16.547   6.448   17.63
  13.357   3.489  14.831
   13.95   2.589  16.807
   14.23   3.309  15.833
  15.574   4.032  15.715
  16.285   4.134  17.056
  15.742   5.273  17.915
  15.704   4.872  19.388
  14.675   4.741  20.031
  16.898   4.769  19.942
  19.452   5.114  21.166
  18.621   3.972  21.358
  17.138    4.32  21.291
  16.735   5.301  22.398
  16.748   4.999  23.595
  16.415   6.522  22.047
  21.176   8.277  23.633
  20.423   9.373  24.225
  19.149   9.654  23.452
  18.259   8.426  23.413
  16.829    8.69  23.022
  15.959   7.439  23.035
  14.582    7.72  22.523
  14.065   8.757  22.917
  13.903   6.877  21.732
  12.221   1.755   18.81
  11.136   2.322   16.84
  11.382   2.568  18.135
  10.794   3.625  18.734
  11.083   3.947  20.135
  10.944   5.409  20.531
  12.173   6.197  20.204
  12.656    7.31  21.129
  11.602   7.731  22.152
  10.841   8.656  21.881
  11.585   7.228  23.376
  10.645   7.718  24.383
  10.676   9.226  24.747
   9.642   9.723  25.203
  11.742   10.04  24.629
  15.297  12.135   25.74
   14.13  11.156  25.695
  12.828  11.894  25.932
  12.388  11.573  27.326
  11.652  11.473  24.955
   11.67  12.362  23.683
  11.675  13.596  23.729
  11.622  11.762  22.481
  14.919  13.106  21.477
  15.281  11.047  20.238
  14.331  11.786  21.128
   12.95  11.956  20.423
   11.73  12.491  21.206
  10.486  12.363  20.333
   9.539  11.635  20.651
  10.384  13.109  19.242
    7.28  13.766  19.322
   8.764  15.172  18.308
   8.246   13.88  18.179
   9.333  12.779  18.304
  10.098  12.597  17.015
  10.891  13.419  16.556
   9.926   11.36  16.563
  12.663    9.42  16.855
  11.688   7.334  16.308
  11.343   8.748  16.632
  10.602   9.359  15.464
  10.621  10.858  15.408
  10.129  11.298  14.049
   8.934  11.317  13.789
  11.019  11.653  13.134
   8.576  16.807  12.787
   8.358  15.458  13.281
   8.996  14.408  12.365
  10.524  14.506  12.325
   11.09   13.41  11.439
  10.586  12.046  11.813
  11.157  11.079  10.837
  12.174   10.46  11.156
  10.481  10.888   9.692
   9.915   4.651  12.043
  10.528   6.423   8.797
  10.452   5.395   9.743
   9.974   5.643  11.047
   9.573   6.926  11.382
   9.649   7.941  10.438
  10.122   7.702   9.157
  10.191    8.86   8.172
  11.054  10.101   8.577
  11.146  11.028   7.347
  10.117  11.173   6.676
  12.247  11.722   6.953
  14.417  12.533   6.721
  13.486  11.877   7.708
   13.49  13.395   5.914
  12.256  12.536   5.737
  12.206  11.745   4.426
   11.78  12.307   3.437
  12.539  10.445   4.343
  16.503   9.013   3.392
  15.166   9.767   3.253
   13.91   8.915   3.021
  14.141   8.471   1.599
  12.554   9.733   3.078
  11.285   8.874   2.987
  11.272   7.641   2.869
  10.149   9.581   3.035
   7.138   7.817   5.701
   5.307   8.986   5.723
   6.508    8.87   5.445
   7.202  10.085    4.78
   7.666   9.928   3.302
   8.838   8.935   2.966
   8.608   8.382   1.574
    8.43   9.107   0.576
   8.634   7.044   1.572
   5.353   6.923   1.618
   4.674   6.111   2.377
   4.848   4.854   2.012
    5.67   4.845   0.985
    4.01   6.608   3.614
   6.006    6.11   0.727
   7.011   6.641   -0.25
   8.394   6.317    0.34
    9.42   6.558  -0.754
   9.107   6.691  -1.943
  10.692   6.644  -0.352
  11.794   6.763  -1.292
  12.079   8.176  -1.691
  13.202    8.43  -2.108
  11.093   9.073  -1.528
   9.687   8.821  -4.367
   9.798  10.346  -4.145
   9.848  10.843  -2.696
   9.771  12.364  -2.848
  11.195  10.467  -1.952
  11.496  11.407  -0.776
  10.768  11.312   0.206
  12.517  12.302   -0.82
  16.572  13.457  -0.675
  15.306  12.831  -0.116
  14.264  13.884   0.083
   14.68  14.672    1.32
  12.867  13.213   0.289
  11.785  14.305    0.36
  11.609   15.13  -0.551
    11.1  14.221   1.521
   7.996  13.902   3.593
   8.337  13.445   1.364
   9.045  13.747   2.531
   9.888  14.917   1.933
  10.221  16.091    2.83
   9.632  17.162   2.644
  11.179      16   3.767
  10.653  19.137   6.641
  12.719  18.499   7.217
  11.629  18.241   6.708
  11.343  16.938   6.012
  11.541  17.172   4.554
  13.006   17.47   4.332
  13.847  16.647   4.702
  13.321   18.65   3.771
  14.809  18.787   0.193
  15.973  18.069   0.137
   16.13  17.215  -0.922
  15.148  17.085  -1.895
  13.984  17.809  -1.845
  13.843  18.654  -0.785
  12.802   19.44  -0.535
  13.009   20.11   0.574
  14.229  19.695   1.032
   14.74   20.14   2.399
   14.69  19.016   3.443
   15.55   19.45   4.595
  16.726  19.616   4.344
  15.157  19.709   5.844
  14.388  23.091    7.69
  13.776   21.05   8.197
  14.616  21.882   7.823
  16.017  21.402   7.493
  16.172  20.001   6.851
  16.167  18.971   7.933
   16.87  19.087   8.921
  15.357  17.952   7.786
  12.077  15.942   9.158
   13.25  17.625   9.939
  13.151  16.546   9.308
  14.371  15.903   8.629
  15.598  16.776    8.56
  16.661  16.145   7.682
  17.763  15.955   8.142
  16.451  15.942   6.383
  18.841  12.026   3.415
  17.215  12.761   3.487
  17.634  14.469   3.121
  16.912  15.386   4.044
  17.404  15.312   5.468
  18.752  15.964   5.521
  19.738  15.238   5.551
  18.813    17.3   5.615
  22.083  22.095   6.394
  20.582  22.523   4.857
  21.255  21.723   5.544
  21.121  20.205   5.311
  19.858  19.502   5.759
  20.085  18.014   5.679
  20.837  17.559   6.932
  22.052  17.313   6.873
  20.083  17.359    8.05
  18.964  19.869   13.77
  17.995  19.506  12.729
  18.329   18.18  12.047
   19.59   18.19  11.211
  19.602  16.869  10.454
  20.635  16.819   9.308
  21.166   15.38    9.22
  22.179  15.064   9.885
  20.554  14.529   8.356
  17.666  11.374   7.912
  18.841  12.183   8.448
  19.971  12.344    7.46
  20.474  10.975   7.053
  21.013  13.154   8.177
   22.31  13.113   7.404
  23.165  12.299   7.764
  22.473  13.991   6.396
  22.083   14.55   2.424
  21.594  15.824   2.275
  20.669  16.028   1.285
  20.261  14.987   0.473
  20.773  13.707   0.639
  21.696  13.487   1.632
  22.327  12.364   2.008
   23.12  12.648   3.018
  22.956   13.98   3.267
  23.612  14.748    4.38
  23.705  14.028   5.667
  24.728  14.759   6.478
  25.901  14.531   6.206
  24.422  15.657   7.423
  26.517  17.438  11.195
  27.379  18.333  11.602
  27.346  19.389  10.811
   26.45  19.191   9.865
  25.923  17.984  10.066
  24.903  17.285   9.172
  25.484  16.156   8.306
  25.982  14.944   9.164
  27.162  14.567   9.076
  25.105  14.266   9.942
  24.278   9.971   11.76
  24.747   9.219  12.705
  25.237   9.954  13.659
  25.084  11.207  13.334
  24.498  11.262  12.155
  24.192   12.49  11.312
  25.446  13.071  10.691
  26.117  11.992   9.857
  26.843   11.18  10.413
  25.911  11.883   8.558
  26.799   9.529   5.662
  24.757  10.463   6.548
  26.135  10.683   6.407
  26.615  10.871   7.813
  28.056  11.262   7.656
  28.931  10.498    8.04
  28.347   12.44   7.099
  29.483  13.242   3.594
  28.811  13.366   2.405
    27.9  14.381   2.209
  27.646  15.289   3.193
  28.313  15.173   4.384
  29.225  14.153   4.589
  29.925  14.049    5.94
  29.733  12.754   6.756
  30.505  12.952   8.024
  31.415  12.178   8.292
  30.057  13.895   8.837
  31.249  19.983   7.256
  31.905  17.194   9.511
  32.126  18.301   8.718
  31.064  18.867   8.045
  29.799  18.344   8.153
  29.596  17.238   8.952
   30.64  16.673   9.627
  30.354  15.511  10.538
  30.813   14.23  10.006
  30.803  13.254  11.138
  31.746  13.339   11.91
  29.823  12.354  11.297
  29.089  13.673  14.068
  26.979  13.049  13.724
  28.177  12.765  13.717
  28.617  11.391   13.28
  29.852  11.398  12.406
  29.987   9.947   12.01
  30.702   9.208  12.687
  29.301   9.455  10.983
   26.41   6.889  12.911
    27.7   5.562  11.801
  27.033   6.596  11.889
   26.95   7.558  10.719
  28.201   7.607   9.895
  29.442   8.055  10.642
  30.687   7.795     9.8
  31.382   6.825  10.083
  31.026   8.618   8.788
  31.018   6.425   5.783
  30.658   8.392   4.383
   30.73   7.902   5.802
  31.818   8.683   6.493
  32.151   8.345   7.923
  33.369   9.126   8.317
  34.484   8.686   8.042
  33.097   10.28   8.942
  34.954   8.966  16.092
  35.771   7.633  14.276
  35.079   8.713  14.771
  34.478   9.587  13.957
  34.523   9.406  12.524
  33.816  10.537  11.833
  34.704  10.661  10.659
  34.065  11.246   9.464
  35.161  11.762   8.543
  36.389  11.614   8.684
  34.604   12.42   7.555
  33.623  11.626   5.117
  35.816  10.921   5.169
  35.029  12.207    5.18
  35.407  12.976   6.508
  35.048  14.443   6.551
  34.314  14.863   7.446
  35.657  15.284   5.718
  36.385  17.662    5.61
   35.23  16.678   5.593
  34.656  16.686   4.191
  35.418   16.44   3.246
  33.348  16.874   3.969
  31.421  18.198   3.993
  32.435  17.494     4.9
  31.281  17.179   2.917
  32.697   16.74   2.679
  33.399  17.546     1.6
   33.62  16.995   0.518
  33.843  18.779   1.905
  35.184  20.604   5.294
    33.5  21.243   4.063
  34.692  20.904     4.2
  35.631  20.855   2.993
   34.97  20.915   1.616
  34.594  19.593   0.961
  35.861  19.025   0.297
  36.487  19.734   -0.51
  36.264   17.76   0.573
  39.873  17.049   3.631
  38.273  15.514    3.76
  39.083  16.224   3.123
  39.094  16.043   1.616
  38.572  17.256   0.855
  37.394  17.151  -0.103
  37.154  15.717  -0.595
  38.075  14.944  -0.896
  35.882  15.315  -0.742
   36.55  13.531   1.921
  37.486  12.874   2.558
  37.687  11.705   1.986
  36.865   11.61   0.963
  36.144   12.72   0.882
  35.069  13.091  -0.128
   35.54  13.993  -1.253
  34.421  14.125  -2.266
  33.348  14.579  -1.902
  34.581  13.793  -3.532
  35.366  12.519  -5.251
  35.836  13.356  -4.099
  34.288  13.432  -5.762
  33.523   13.76  -4.521
  32.417  12.764  -4.163
  32.716  11.583  -4.035
  31.144  13.163  -4.056
  28.187  12.334  -1.842
  29.989  13.781  -1.611
  29.174  13.191  -2.591
  30.043  12.332  -3.555
  29.067  11.629  -4.529
  28.352  12.349  -5.235
  28.927   10.29  -4.646
  26.686   6.408  -6.261
   27.55   7.464  -8.239
  27.091   7.723  -6.832
  28.198   8.325  -5.949
  27.843   9.697  -5.416
  26.615   9.533  -4.523
  26.698    8.82  -3.526
  25.469  10.164  -4.824
  24.377  11.951   -1.43
  23.624  13.637  -3.072
  24.353  12.329  -2.897
  23.626    11.3  -3.751
  24.232   9.999  -4.078
  23.256   9.261  -4.956
   23.45   9.294   -6.16
  22.208   8.589  -4.465
  22.795   5.867  -4.662
  20.619   6.184  -3.824
  21.396   6.363  -4.982
  21.318   7.852  -5.334
  19.884   8.355  -5.215
  19.578   9.112    -4.3
  18.938   8.003  -6.088
  16.398  10.404 -10.315
  17.273  11.759  -8.846
   16.95  10.633  -9.225
  17.282   9.466  -8.313
  17.277   9.721   -6.79
  17.555   8.464  -5.958
  16.556   7.403  -6.408
  16.875   6.368  -6.995
  15.298   7.666    -6.1
  12.879   7.242  -5.838
  14.214   6.753  -6.378
  14.079    6.72  -7.852
  14.579   7.607  -8.539
  13.374   5.717  -8.312
  13.242   3.586  -9.178
  13.771   4.363  -7.988
  12.086   4.418   -9.69
  12.849   5.685  -9.668
  12.083   6.848 -10.297
  12.566   7.242 -11.368
  11.024   7.529  -9.883
   8.996   7.202  -13.48
   7.544   6.493 -11.624
   8.904   6.988 -12.004
   9.193   8.299 -11.274
  10.593   8.653 -10.729
  10.635   9.997  -9.967
   9.787  10.891 -10.061
  11.729  10.131  -9.205
  13.104  12.413  -5.984
  15.175  12.447  -6.869
  14.007   12.06  -6.892
  13.505  11.087  -7.904
  12.108  11.304  -8.418
  12.068  12.524  -9.314
  12.612  12.455 -10.419
  11.385  13.607  -8.933
   9.388  14.467  -8.196
  10.552   13.63  -7.739
  10.091  15.546  -8.989
  11.147  14.815   -9.74
  12.342  15.713 -10.018
  13.118  15.955  -9.096
  12.467  16.297 -11.229
  11.274  18.395 -15.252
  12.205  17.554  -16.02
  13.666  17.477 -15.503
  13.768   16.84 -14.107
  13.447  17.799 -12.944
  13.623  17.118 -11.589
  13.995  18.196 -10.608
  15.185  18.348 -10.342
  13.014  18.874 -10.004
  12.102  20.741  -8.671
  13.322  19.909  -9.018
  13.847   19.32  -7.722
  14.721  19.921  -7.098
  13.375  18.131  -7.329
  14.454  14.582  -4.555
  12.386  15.042  -3.996
   13.32  15.245  -4.769
  13.129  16.118  -6.013
  13.904  17.436   -6.16
  15.415  17.195  -6.331
  16.219  17.641  -5.499
  15.804   16.59  -7.477
  20.405  12.433 -13.038
  18.993  11.375 -11.539
    19.4  12.508  -12.14
  18.859  13.731 -11.896
  17.788  14.056 -10.957
  18.302  14.838  -9.737
  17.093  15.488  -9.137
  17.182  16.224  -7.819
  18.078  17.455  -7.868
  19.236   17.42  -7.467
  17.518  18.591  -8.269
  16.519  22.986 -10.833
  15.512  21.369 -11.862
  16.398  21.791 -11.109
  17.392  20.802 -10.502
  17.479  20.912  -8.994
   18.24  19.855  -8.254
  18.458  20.374  -6.843
  19.503  20.912  -6.495
  17.446  20.224  -6.002
  16.781  24.392  -1.112
  16.115  23.105  -1.223
  16.442  22.531  -2.582
  15.959  21.106  -2.672
  16.121  20.575  -4.073
  17.527  20.675  -4.633
  18.542  19.835  -3.853
  19.339  20.327  -3.055
  18.551  18.545  -4.141
  17.638  13.382  -4.716
  19.365  13.689  -4.412
  19.538  15.124  -3.328
  19.053  16.325  -4.062
  19.488  17.638  -3.547
  20.928  18.021  -3.939
  21.899  17.862  -3.194
   21.05  18.597  -5.147
  23.372  19.748  -7.909
  21.944  17.854   -7.85
  22.138  19.145  -7.275
  22.314  19.037  -5.737
  22.719  20.382  -5.157
  23.894  20.655  -4.904
  21.688  21.213  -4.939
   21.07  26.395  -2.449
  19.465  24.884  -2.084
  20.334  25.348  -2.844
  20.548  24.805  -4.267
   20.48  23.292  -4.438
   21.84  22.585  -4.461
  22.425  22.541  -3.077
  23.377  23.241  -2.801
  21.898  21.655  -2.237
  19.003  20.141   0.336
  20.084  21.202   0.106
  21.383  20.493  -0.219
  22.011  19.982   1.066
  22.393  21.421  -0.898
   23.81  20.822  -0.907
  24.653  21.297   -0.15
  24.146  19.804  -1.708
  26.336   15.13   -0.81
  25.274  16.405  -0.242
   24.85  16.902  -1.941
  25.648  18.046  -2.534
  25.494  19.262   -1.62
  26.575  20.282  -1.945
  27.509  20.452  -1.162
  26.458  21.042  -3.031
  26.558  21.082  -6.662
  26.766  20.154  -7.644
  28.014  19.624  -7.823
  29.062  20.015  -7.027
  28.861  20.941  -6.047
  27.609  21.473  -5.869
   27.38  22.527  -4.799
  27.476  22.034  -3.356
   27.36  23.262  -2.472
   28.38  23.787  -2.033
  26.148  23.716  -2.146
  23.353  26.908  -4.949
  23.309  28.062  -3.151
  23.838  27.207  -3.865
  25.086  26.474  -3.377
  24.857   25.78  -2.012
   26.01  24.948  -1.388
  25.828  24.857   0.133
  25.752   25.92   0.761
  25.687  23.723   0.826
  23.266  24.232   3.038
  24.288   22.02   2.654
  24.528  23.328   3.117
  25.784    23.8   2.275
  26.939  22.874    2.63
  27.466  23.055   3.724
  27.427   21.91   1.817
  27.158  18.768     4.2
  26.079  18.307   4.923
  24.826  18.179   4.361
   24.64  18.523   3.048
  25.715  18.986   2.314
   26.97  19.104   2.886
  28.146  19.564   2.044
  28.537  21.037   2.233
  29.863  21.279   1.513
  30.953  20.868   1.939
  29.675  21.933   0.359
  32.243  23.545   2.095
  33.626  23.795   0.346
   32.48  23.666   0.782
  31.334  23.658  -0.207
   30.68  22.298  -0.626
    31.7  21.209  -0.926
  32.916    21.3  -0.795
  31.051  20.119   -1.34
  29.469  18.277  -2.767
  30.269  17.214  -0.759
  30.701  17.783  -2.078
  31.718   18.93  -1.852
  32.386  19.306  -3.187
  31.884  20.236  -3.826
  33.485   18.72  -3.697
   35.16  17.181  -4.181
  34.258  17.671   -3.06
  35.492  18.479  -4.831
  34.155  19.151  -4.913
  33.423  18.868  -6.212
  33.528  19.638  -7.172
  32.649  17.774  -6.198
  32.792  16.648  -8.384
  31.882  17.286  -7.343
  30.893  16.209  -6.931
  31.241  15.428  -6.049
  29.685   16.09  -7.492
  24.583  16.073  -6.237
  25.915  16.654  -7.229
  27.211  16.717  -5.994
  27.929  15.405  -5.972
  28.835  14.967  -7.142
  28.043  14.379  -8.299
  28.127  14.897  -9.404
  27.334   13.26  -8.156
  25.083   9.418 -14.608
  26.766  11.788 -12.472
  26.197  11.218 -13.582
  25.727   9.933 -13.511
  25.823   9.182 -12.364
  26.396   9.755 -11.253
  26.865  11.062 -11.294
   27.45  11.725  -10.03
  26.554  12.683  -9.246
  25.387  11.938  -8.592
  25.657  11.359  -7.543
   24.12  11.942  -9.106
  21.734  13.013  -7.339
  20.423  11.266  -8.311
  21.673  12.089  -8.522
  22.962  11.204  -8.576
  22.678  10.024  -9.514
  22.541  10.227 -10.729
  22.501   8.788  -9.012
   23.34   6.687  -9.649
  22.204   7.641  -9.863
  20.854    6.98  -9.552
  20.536   6.911  -8.358
  20.001   6.504 -10.496
  17.747   7.339 -12.739
  16.967   6.349 -11.928
  17.799   5.268 -11.318
  16.706   4.315 -10.814
  18.737   5.816 -10.133
  19.161   4.551  -9.421
  20.017    3.81  -9.912
    18.5    4.27  -8.311
  16.734   5.486  -4.225
  15.942    3.39  -4.361
  16.825   4.228  -4.594
  18.119   3.947   -5.31
  17.876   2.953  -6.406
  18.805   3.076  -7.546
  18.751    1.76  -8.284
  19.701   0.984  -8.239
  17.662   1.495  -8.982
  16.155   0.252 -10.336
   17.52   0.248  -9.695
  18.603   0.032 -10.748
  19.133  -1.066 -11.007
   18.99   1.154 -11.321
  18.943   2.634 -14.002
   21.32   2.544 -13.777
  20.075   2.445 -12.995
  20.009   1.068  -12.33
  21.317   0.606 -11.677
   21.93   -0.29  -12.25
   21.73   1.069 -10.485
  24.772   3.278  -9.541
  23.465   3.513  -7.439
   23.46   2.947  -8.836
  23.242   1.467  -8.677
  22.933   0.584  -9.834
  22.818  -0.863  -9.337
  23.806  -1.595  -9.347
  21.682  -1.387  -8.886
  20.006  -2.706  -6.633
   20.28  -3.194  -7.941
  21.609  -2.783  -8.489
  21.812  -3.657  -9.688
  22.542  -4.633  -9.569
  21.186   -3.34 -10.833
   19.75  -3.221 -15.504
  19.839  -5.515 -14.507
  20.477  -4.132 -14.534
  20.435  -3.538 -13.125
  21.354  -4.112 -12.074
  22.779  -4.155 -12.658
  23.252  -5.141 -13.252
  23.436  -2.995 -12.506
  30.561  -1.143 -14.708
  27.638  -0.523 -12.537
  28.926  -0.466 -13.035
  29.258  -1.125 -14.219
  28.305  -1.829 -14.923
  27.028  -1.868 -14.422
  26.697  -1.229 -13.234
  25.287  -1.388 -12.692
  24.803  -2.812 -12.923
    25.7  -3.724  -12.14
  26.588   -4.33  -12.71
  25.444  -3.793 -10.843
  25.547  -4.538  -8.569
  26.132  -4.692  -9.948
  26.014  -6.141 -10.393
   26.86  -6.968 -10.078
  25.009  -6.468   -11.2
  22.732  -7.962 -10.919
  23.469  -8.104 -12.116
  24.883  -7.793  -11.76
  25.682  -7.874 -13.024
  25.594  -8.907 -13.685
  26.491  -6.861 -13.358
  27.187  -6.784 -14.632
  26.191  -6.833 -15.783
  26.325  -7.655 -16.683
  25.121  -6.032 -15.731
  22.964 -12.154 -14.979
  21.778 -11.589 -16.838
  22.313 -11.246 -15.676
  22.227 -10.029 -15.184
  21.767  -8.913 -15.973
  23.034   -8.21 -16.405
  22.883  -6.726 -16.382
  24.121  -5.984 -16.781
  23.702  -4.557 -17.093
  23.645  -3.705 -16.195
  23.406   -4.33 -18.387
  24.638  -1.451 -19.782
  24.219  -3.693 -20.844
  23.651  -2.557  -20.17
  22.875  -3.074 -18.919
  21.413   -3.18 -19.332
  20.779  -2.149 -19.541
    20.9  -4.395  -19.49
  17.675  -5.234 -21.523
   19.87  -4.324 -22.034
  19.171  -5.182 -21.158
  19.496  -4.621 -19.764
  19.056  -5.718 -18.824
  19.786  -6.709 -18.644
  17.819  -5.555 -18.348
  17.156   -6.52 -17.492
  16.013  -5.836 -16.777
  15.664  -4.721 -17.142
  15.351  -6.382 -15.779
  10.448  -5.439 -15.305
  11.884  -5.385 -14.744
  12.904  -6.032 -15.642
  12.711  -7.527  -15.68
  14.312  -5.622 -15.129
    14.5  -5.929 -13.676
  14.635   -7.09 -13.288
  14.543  -4.839 -12.915
  17.099  -4.116 -11.838
  16.031  -3.724  -9.674
  15.776  -3.813 -11.166
  14.783  -4.927 -11.492
  13.536  -4.867 -10.591
  12.636  -4.034  -10.75
  13.496   -5.81  -9.643
  11.198  -8.865  -6.771
   9.712  -7.014  -7.482
  11.138  -7.427  -7.172
  12.039  -7.269  -8.364
  12.488  -5.869  -8.612
  13.202  -5.397  -7.377
  14.018  -6.119   -6.81
  12.921  -4.187   -6.97
  14.801  -1.978  -3.758
  16.022  -1.159  -5.331
  15.035  -1.794   -4.96
  14.101  -2.314  -6.045
  13.533  -3.662  -5.781
    12.5  -3.527   -4.68
  11.603  -2.685  -4.802
  12.617  -4.285  -3.577
   9.767  -5.078    -1.4
  10.888  -5.371  -2.223
  11.692  -4.101  -2.462
  12.461  -3.737  -1.203
  13.051   -4.58  -0.538
   12.42  -2.466  -0.856
  13.197  -1.999   0.277
  12.521  -2.107   1.618
  11.931  -3.111   1.974
  12.639   -1.04   2.365
  11.962  -0.949   6.695
  11.634   1.191   6.317
  12.056   0.063   5.988
  12.721  -0.096   4.622
  11.959  -0.963   3.625
  10.579  -0.384    3.47
   9.663  -1.042   3.941
  10.368   0.801   2.881
   9.035   1.402   2.764
   8.421   1.475   1.343
   7.385   2.142   1.234
   8.978    0.85   0.254
  10.071   2.759  -1.558
   7.736   2.944  -2.324
   8.899   2.023  -2.109
   8.509   0.856  -1.156
   9.132  -0.277  -1.937
  10.293   -0.65  -1.727
   8.351  -0.705  -2.931
   8.138  -4.077  -4.576
   8.069  -3.343  -2.363
   7.823  -2.913  -3.677
   8.725  -1.746  -3.865
   8.568  -1.176  -5.265
   7.607  -0.471  -5.552
   9.514  -1.491  -6.156
   9.321   2.178  -7.942
   9.298   3.345  -7.326
  10.117   3.324  -6.295
  10.685   2.128  -6.244
  10.212   1.406  -7.252
   10.63   0.031  -7.642
   9.584  -0.971  -7.509
   9.922  -1.986  -8.566
  10.651  -2.948  -8.316
   9.373  -1.803  -9.764
   8.654  -5.619 -10.894
   7.589  -3.883  -9.902
   8.347  -4.318 -10.766
   8.936  -3.287 -11.669
   9.932  -2.534 -10.895
  10.502  -1.515 -11.841
   9.819  -0.568 -12.241
   11.77  -1.644 -12.176
  12.688   0.905 -11.159
  14.078   1.222 -13.155
  13.394   0.187 -12.276
  12.336  -0.647 -13.055
  12.944  -1.398 -14.221
  14.081  -1.857 -14.077
  12.221  -1.567 -15.352
  10.633  -1.235 -17.015
  10.889  -1.001 -15.557
  11.428  -2.492 -17.292
  12.706  -2.247 -16.558
   13.71  -1.315 -17.233
  13.362  -0.158 -17.492
  14.967  -1.758  -17.47
   17.41   -0.32 -14.441
  16.619  -0.041 -15.713
  17.114  -0.891 -16.853
  18.389  -0.257 -17.339
  16.072  -0.917 -17.958
  16.696  -1.353 -19.269
  17.121  -2.499 -19.373
  16.835  -0.497 -20.268
  18.129    -3.4 -27.151
  16.588  -2.661 -23.992
  17.035  -3.324 -25.109
   17.71  -2.637 -26.089
   17.96  -1.269 -26.005
  17.503  -0.591 -24.886
  16.831  -1.316 -23.895
  16.396  -0.709 -22.593
  17.414  -0.949 -21.518
  18.741  -0.299 -21.913
  18.748   0.912 -22.109
  19.853  -1.025  -22.11
  22.407  -3.802 -24.086
   23.65  -1.983 -24.131
  22.559  -2.564 -24.229
  21.339  -1.702 -24.566
  21.295  -0.327 -23.905
  21.161   -0.47 -22.424
  21.502    0.85 -21.772
  21.989   1.813 -22.383
  21.154   0.875 -20.475
  21.435   2.007 -19.594
   20.24   2.872 -19.215
  20.269   3.528  -18.19
  19.185   2.935  -20.01
  12.763   7.233 -21.875
  15.933   5.589 -22.541
  14.811    6.36 -22.718
  13.897   6.479 -21.684
  14.076   5.852 -20.478
  15.204   5.085 -20.319
  16.131   4.955 -21.345
  17.416   4.164 -21.129
  18.062   3.827 -19.792
  17.045   3.148  -18.93
  16.609   2.095 -19.386
  16.668   3.634 -17.734
  15.428    3.43 -15.609
  15.524   3.014 -17.063
  14.359   3.614 -17.848
  14.358   4.809  -18.19
  13.409   2.751 -18.198
  13.017   2.244 -22.012
  12.464  -0.074 -21.246
  12.886   1.292 -20.827
  11.882   1.839 -19.826
  12.316   3.107 -19.084
  11.127   3.752 -18.405
  10.227    3.02 -17.994
  10.986   5.067 -18.302
  10.842   7.279 -18.875
  11.644   6.023 -19.144
  10.607   7.165 -17.396
  10.132    5.74 -17.339
   8.618   5.618 -17.474
   7.841   6.327 -16.847
    8.13   4.704 -18.269
   7.191   3.054 -21.305
   8.225   2.976 -22.082
   8.925   4.104 -22.088
   8.341   4.964 -21.286
   7.262   4.332 -20.791
   6.298    4.93 -19.783
   6.708   4.499 -18.411
    6.35   3.055 -18.199
   5.258   2.635 -18.546
   7.292   2.248  -17.74
   7.786   0.015 -18.307
   6.989    0.88  -17.38
   7.311   0.597   -15.9
   7.036  -0.497 -15.402
     7.8   1.641 -15.176
  11.432   3.921 -13.736
  10.455   2.772  -14.01
   9.061   2.835 -13.375
   9.274   2.867  -11.87
   8.222   1.579 -13.769
   7.029    1.47 -12.838
   6.108   2.291 -12.854
   7.048   0.449 -11.996
   2.407  -2.048 -13.492
   3.589  -0.742 -13.279
   4.152  -1.432 -11.691
     5.6  -1.253 -11.266
   5.916   0.194 -11.157
   6.252    0.56  -9.757
   7.326    0.19  -9.293
   5.376   1.315  -9.109
   6.627   7.287  -5.061
    5.32   7.326  -3.121
   5.663   6.749  -4.292
   5.037   5.628  -4.682
   5.271   5.037   -5.99
   5.459   3.531  -5.947
    5.38   3.063  -7.397
   5.555   1.573  -7.675
   4.567   0.767  -6.803
    3.38   0.699  -7.143
   4.985   0.133  -5.695
   3.473  -4.531   -4.61
   1.807  -2.707  -4.947
   3.186  -3.052  -4.336
   4.294  -2.131  -4.959
   4.077  -0.614  -4.852
   4.433  -0.143  -3.469
   5.509   -0.48  -2.979
   3.559   0.695  -2.876
   4.275    4.29  -1.621
   2.429   4.315  -2.742
     3.2   3.778  -1.937
   2.819   2.456  -1.287
    3.75   1.258  -1.529
   3.441   0.191  -0.498
     2.4   0.164   0.146
   4.364  -0.748  -0.397
   1.534  -4.431  -0.391
   3.573  -5.086   0.833
   3.024  -4.194  -0.269
    3.08  -2.717  -0.036
   4.216   -1.87   0.477
   5.517  -2.592    0.47
   5.908   -3.12   -0.55
   6.169  -2.624   1.622
   8.548  -2.362   1.309
   7.436  -3.312   1.778
   7.725  -3.833   3.198
   6.799  -4.143   3.952
   9.001  -3.961   3.594
   9.437  -4.565   4.849
   8.811  -4.074   6.126
   8.525  -4.873   7.008
   8.656  -2.762   6.176
   9.855   4.165   6.183
   7.615   4.663   6.606
   8.609   3.765   6.458
   8.409   2.447   6.579
   7.123   1.816   6.864
   7.289   0.467   7.607
   7.836  -0.606   6.695
   8.025   -2.02    7.25
   6.713    -2.7   7.647
   6.537  -3.214   8.748
   5.891  -2.826   6.605
   2.834  -1.225   4.527
   4.974  -1.411    4.31
   3.883  -1.848   4.679
   3.851  -3.221   5.313
   4.558  -3.374   6.652
   4.633   -4.85   6.967
   3.826  -5.379   7.725
     5.6   -5.55   6.394
   7.095  -8.955   3.707
   5.498  -7.033   3.611
   6.078  -8.144   4.465
   6.738  -7.561    5.71
    5.72  -6.961   6.656
   6.083  -7.278   8.088
   5.605  -8.306   8.561
   6.843   -6.43   8.809
   8.424  -6.193  12.328
   9.296  -5.509  10.275
    8.07  -5.647  10.959
   7.105   -6.64  10.233
   5.765  -6.371  10.901
   5.365  -7.206  11.695
   5.027  -5.295  10.606
    2.95  -1.475  10.448
   4.654  -2.242  11.569
   3.603  -2.415  10.919
   3.043  -3.817  10.656
   3.767  -4.997  11.275
   2.729  -6.081  11.329
   2.071  -6.282  12.347
   2.591  -6.784  10.219
  -0.637 -13.032   7.188
   1.664 -10.308   7.794
   1.157 -11.545    7.46
  -0.198 -11.763     7.5
  -1.085 -10.757   7.869
  -0.576  -9.509   8.212
   0.798  -9.303   8.174
   1.409  -7.994   8.606
   1.605  -7.815  10.108
   2.054  -9.049  10.874
    1.21  -9.593  11.578
   3.304  -9.531  10.834
   7.543 -11.761  12.215
   5.694 -13.296  11.982
   6.049 -11.906  12.422
   5.268 -10.857  11.582
   3.729 -10.673  11.652
    3.31 -10.459   13.11
   2.767 -11.345  13.758
   3.448  -9.227  13.598
    4.51   -4.55   16.44
   3.964  -5.987  17.337
    2.69  -6.638  16.215
   3.279  -7.333  15.033
   3.059  -8.819  14.937
   1.603  -9.194  15.156
   1.298  -9.845  16.158
   0.717  -8.885  14.205
  -3.957  -9.366  11.629
  -4.147  -7.931  11.871
  -2.851  -7.124  12.126
  -2.034  -7.471  13.387
  -1.507   -8.85  13.247
  -0.655  -9.309   14.33
  -0.765 -10.802  14.277
  -1.208 -11.377  15.255
  -0.316 -11.516  13.256
   1.379 -14.114   10.05
   1.043 -13.216  11.257
  -0.308 -13.552  11.848
  -1.431 -13.023  10.974
  -0.583 -12.944  13.237
   0.181 -13.751  14.268
   -0.01 -14.964  14.373
   1.027 -13.054   15.03
   5.455  -13.52  16.038
   3.851 -15.457  15.655
   4.137 -14.153  16.413
   3.125 -13.097  16.148
   1.754 -13.658  16.109
   1.068 -13.417  17.434
   1.129 -14.256  18.334
   0.408 -12.268  17.574
   0.466  -9.703   19.24
  -1.442 -10.096  17.812
  -0.765 -10.559   18.97
  -0.419 -12.061  18.743
  -1.734 -12.842  18.578
  -2.414 -13.147  19.571
  -2.112 -13.165  17.315
  -4.879 -13.045  12.969
  -5.152 -10.995  13.595
  -4.859 -12.163  13.848
  -4.461 -12.474  15.297
  -3.651 -13.765  15.523
  -3.302 -13.963  16.998
  -3.116 -15.452  17.323
   -4.07 -16.162  17.624
  -1.848 -15.905  17.306
   3.076 -22.294   16.19
   0.908 -21.923  15.379
   1.937 -21.565  16.179
   1.841  -20.48  16.974
   0.632 -19.679  17.056
   0.955 -18.484  17.883
   0.107  -17.35  17.387
   -1.36  -17.21  17.783
  -1.487 -17.262  19.313
   -1.25 -18.285  19.963
   -1.79 -16.108  19.904
   -1.95 -15.978  21.319
  -1.122 -14.819  21.822
  -1.675     -14  22.547
   0.125 -14.655  21.359
   5.285 -18.589  20.936
   4.176 -15.266  21.893
   4.903 -16.442  21.824
   4.501 -17.464  20.989
    3.36 -17.342  20.212
    2.63 -16.163  20.281
   3.045 -15.125  21.113
   2.345 -13.784  21.125
   1.104 -13.731  21.951
   0.854 -12.255  22.256
  -0.182 -11.654  21.969
   1.822 -11.643   22.92
   -0.03  -8.995  24.471
     0.9 -10.077  24.572
   1.678  -10.24  23.246
   3.056  -9.599   23.35
   3.973 -10.053  24.051
   3.126  -8.533  22.544
   5.907 -10.031  20.684
   5.986 -11.305  20.164
   4.974 -11.801  19.378
   3.877 -11.029  19.105
   3.792  -9.753  19.619
   4.803  -9.244  20.407
   4.706   -7.81   20.93
   4.328  -7.744  22.382
   3.879  -6.366  22.803
   3.147  -5.683  22.082
   4.243  -5.961  24.005
   3.107  -6.179  26.558
   1.594  -4.481  25.513
   3.028  -4.801  25.852
    3.73  -4.696  24.495
   4.727    -3.6  24.664
   4.454  -2.457  24.308
   5.886   -3.95  25.201
   7.113   -3.67  27.846
   8.447  -4.677  26.122
   7.855   -3.46  26.539
   6.886  -2.946  25.449
   7.622  -2.611  24.162
   7.624    -3.4  23.205
   8.271  -1.437  24.141
   8.621   1.536  22.995
  10.208   0.369  24.413
   9.618   0.392  23.134
   9.023  -1.012   22.97
  10.167  -1.965  22.687
  10.718  -1.938  21.596
   10.54  -2.806  23.646
  12.518  -3.775  24.623
  11.593  -3.773  23.425
  11.086  -5.194  23.191
  11.861  -6.163  23.105
   9.756  -5.345  23.175
   6.285  -6.863  26.045
    7.05  -8.867  26.431
   7.114  -7.772  25.857
   8.287  -7.546  24.887
   7.927  -6.845  23.596
   9.163  -6.614  22.833
   8.805  -6.531  21.378
   9.023  -7.451  20.599
   8.296  -5.388  20.957
   6.201   0.689  21.005
   7.211  -0.757  19.481
    6.24  -0.536  20.416
   5.293  -1.462  20.798
   5.022  -2.776    20.2
   5.925  -3.947  20.569
   7.014   -4.04   19.51
    7.89  -5.262  19.579
    9.09  -5.172  18.622
    9.02  -5.611  17.471
  10.249  -4.665  19.074
  14.133  -0.417  18.345
  12.018  -0.812  17.945
  13.186  -1.213  18.133
  13.457  -2.742  18.099
   12.53  -3.691  18.952
  11.407  -4.467   18.21
  11.962   -5.78  17.715
  12.518  -5.799  16.625
  11.818  -6.911  18.405
  12.875 -11.033  20.326
  12.139  -9.784  19.795
  13.095  -8.999   18.94
  13.942  -8.045  19.787
  12.393  -8.129  17.847
  11.442  -9.021  17.058
  11.803 -10.116  16.615
  10.221  -8.518  16.841
   7.244  -8.661  17.056
   7.156  -8.713  14.635
   8.007  -8.345  15.814
   9.296   -9.13    15.9
   10.03  -9.043  14.576
   10.07 -10.003  13.816
  10.705   -7.91  14.373
  16.089  -4.666  12.822
  14.269  -4.773  11.369
   14.78  -4.495   12.58
  13.967  -4.046  13.556
  12.513  -3.907  13.371
   11.65  -5.132  13.766
  12.237  -6.397  13.153
  11.508  -7.683  13.193
  12.617  -8.678  13.113
   12.79  -9.266  12.055
  13.358  -8.899  14.198
  16.583 -11.793  15.734
  17.364 -10.297  14.375
  16.506 -10.694  15.176
   15.27  -9.836  15.403
  14.428   -9.88  14.143
  13.923 -11.305  13.959
  14.669 -12.213  13.613
  12.643 -11.549  14.189
  10.237 -13.184  17.209
  11.284 -13.334  16.092
  10.811 -12.977  14.688
   9.823 -13.984  14.099
  12.094 -12.849  13.883
  11.889 -12.915  12.378
  12.411 -13.843  11.774
  11.195 -11.932  11.765
   10.15  -7.124   6.851
  10.942  -7.362   8.033
  10.253  -8.336   8.984
  10.422  -9.814   8.685
   10.39 -10.448  10.058
  10.926 -11.844  10.322
  12.173 -12.118   9.509
  12.236 -12.968   8.618
  13.206 -11.397   9.946
  17.391  -8.076   9.935
  15.775   -6.71  10.004
  16.189  -7.847   9.852
  15.187  -8.956   9.524
  15.513 -10.427   9.924
  14.507 -11.476   9.317
  15.041 -12.881   9.456
  15.747 -13.319   8.557
  14.768 -13.643  10.506
  19.028 -12.544  14.242
  18.773 -13.712  13.426
  17.311 -13.724  12.986
  16.912 -15.158  12.702
   15.54 -15.349  12.044
  15.327 -14.987  10.543
  14.613 -16.152   9.815
  14.864 -16.495   8.646
  13.536 -16.566  10.477
  14.488 -18.703  12.917
  12.271 -18.434  14.108
  13.123 -18.026  12.902
  12.355 -18.357  11.565
  12.824 -17.796  10.194
  11.664 -17.625   9.211
  11.036 -18.629   8.883
  11.342  -16.41   8.732
   8.815 -14.706   8.976
   9.951 -14.816   7.609
  10.327 -16.232   7.711
   10.74 -16.713   6.341
  11.922 -16.724   5.968
   9.659 -17.044   5.626
  14.027  -22.53   4.993
  11.824 -19.687   5.618
  12.955 -20.475    5.64
   12.89 -21.727   5.027
  11.726 -22.193   4.415
    10.6 -21.392   4.405
  10.664 -20.147   4.999
   9.435 -19.289   4.902
   9.701 -17.886   4.443
   8.828  -17.67   3.217
   7.661  -17.28    3.33
   9.345 -17.982   2.023
   9.116 -15.803  -0.024
   7.689  -17.29  -1.396
   8.843 -17.256  -0.379
   8.437 -18.036    0.89
   8.299 -19.479   0.452
   9.168 -20.286   0.103
    7.01 -19.673   0.604
   5.062 -20.893   0.889
   6.386  -20.87   0.204
   6.243 -20.856   -1.31
   5.829 -19.891  -1.957
   6.734 -21.941  -1.873
   8.717 -24.511  -2.192
    9.62  -22.23  -2.882
   8.891 -23.521   -3.36
   7.491 -23.177  -3.963
   6.465 -22.251  -3.271
   5.218 -23.086  -3.022
   5.284 -24.011  -2.181
   4.083 -22.745  -3.678
   0.734 -25.634  -3.097
   1.227 -26.171  -5.119
   1.509 -25.652  -4.034
   2.867 -24.989  -3.818
   2.787 -23.443  -3.462
   2.322 -23.285  -2.004
    2.53   -24.1   -1.09
   1.692 -22.113  -1.874
  -1.386 -19.221   0.551
  -1.953 -18.739   1.732
  -1.217  -18.73   2.915
   0.087 -19.201   2.936
   0.651 -19.681   1.765
  -0.079 -19.695   0.569
   0.536 -20.242  -0.729
   1.181 -21.647  -0.601
   0.143 -22.626  -0.105
   0.119 -22.966   1.092
   -0.64 -23.053  -1.123
  -1.621 -27.044  -3.949
  -3.231 -26.029   -5.01
   -2.57  -26.25   -3.98
  -2.951 -25.521  -2.686
  -2.075   -24.3  -2.445
  -1.771 -23.963  -0.998
  -1.547 -25.182  -0.076
  -2.246 -25.379   0.936
  -0.474   -25.9  -0.432
   0.515 -28.608  -2.927
  -1.078 -29.275   -1.42
  -0.019 -28.679  -1.702
   0.811 -27.964  -0.661
  -0.015 -27.087   0.242
   0.835 -26.854   1.461
   0.827   -27.7   2.352
   1.626 -25.788   1.557
   6.839 -26.129   2.942
   5.542  -25.21   4.388
   5.803  -25.52   3.224
   4.849 -25.112   2.079
   3.479 -24.511   2.465
    2.42 -25.597   2.767
   1.502 -25.238   3.963
    1.68 -25.731   5.091
   0.458 -24.433   3.644
  -2.678 -19.911   5.789
   -1.55 -21.278   5.932
  -2.457 -22.385   4.803
  -1.575  -23.12   3.813
  -0.573  -23.98   4.569
  -1.312 -25.134   5.238
  -1.482 -25.205   6.474
  -1.768 -26.008   4.311
  -2.873 -27.954   3.365
  -2.467 -27.241   4.657
  -1.535 -28.128   5.501
  -1.716 -28.274   6.721
   -0.45 -28.601   4.887
   3.063  -29.84   5.108
   1.179 -30.964   3.875
   1.634 -29.757   4.522
   0.529 -29.424   5.573
   1.083 -28.758   6.836
   1.523 -29.484   7.735
   0.984 -27.409   6.956
   1.005 -25.227   8.139
   1.486 -26.662   8.117
   1.027 -27.279   9.425
   1.814 -27.488  10.368
  -0.252 -27.672   9.342
  -2.113 -27.552  10.834
  -0.873 -28.365  10.447
  -1.231 -29.851  10.216
  -2.413 -30.232  10.246
  -0.262 -30.748    9.92
   1.453 -32.938   8.462
   0.027 -32.901    8.63
   -0.57 -32.194   9.903
   0.132 -32.622  11.199
  -0.368 -32.406   12.31
   1.278 -33.286  11.115
   2.202  -35.76  11.404
    2.89 -34.773  12.212
   2.177 -33.383  12.251
   3.048 -32.195  11.767
     2.9 -31.017  12.187
   3.798 -32.601  10.695
   4.362 -29.683   8.386
   3.788 -30.639   9.279
   4.682 -31.743   9.928
   5.795 -31.138  10.792
   5.748 -31.094  12.047
   6.833 -30.682  10.071
  10.112 -28.817  10.516
   9.116 -29.672   9.927
   7.785 -29.819  10.744
   7.016 -28.469  10.842
   6.101 -28.334  11.711
   7.287 -27.534   9.881
   5.454 -26.364   7.443
   5.002 -24.131    8.62
    4.77 -25.636   8.614
   5.265 -26.157   9.919
   6.797 -26.171    9.94
   7.323 -25.447  11.175
    8.24 -24.643  11.027
   6.825 -25.731  12.387
    3.16 -25.166  15.057
   4.502 -25.262  16.785
   4.219 -25.534  15.603
   5.198 -26.376  14.766
     6.7 -25.983   14.78
   7.263 -25.106  13.632
     8.8 -24.889  13.774
   9.636   -25.7  13.326
   9.143 -23.725  14.365
  13.662 -26.349  13.489
  13.405 -24.981  13.938
  12.863 -24.048  12.801
  12.516 -22.614  13.233
  11.025 -22.497  13.418
  10.509  -23.28  14.599
   10.47 -22.371  15.813
   9.663 -21.422  15.851
  11.319 -22.633  16.823
   9.466 -22.818  19.482
  10.873 -22.754  19.229
  11.193 -21.834   18.04
  12.339 -20.915   18.43
  13.527 -21.189  18.179
  11.949 -19.817   19.11
    15.1 -12.675  18.045
  14.325 -16.161  17.351
  14.948 -14.934  17.287
  14.492 -13.909  18.082
  13.437 -14.081  18.931
  12.823 -15.301  18.988
  13.258 -16.345  18.205
  12.534 -17.689  18.292
  12.877 -18.733  19.404
  12.765 -18.256  20.871
  11.684 -18.278  21.468
  13.957 -17.923  21.429
  14.941 -20.084   26.46
   16.46 -18.515  26.171
  15.602 -19.309  25.728
  15.364 -19.355  24.192
  15.477 -18.022  23.395
   14.19 -17.392   22.79
  14.328 -15.854  22.856
  15.031 -15.244  22.036
  13.709 -15.232  23.872
   9.856  -12.94  24.313
  11.071 -14.126   22.54
  11.194 -13.107  23.646
  12.239 -13.569  24.661
  13.611 -13.772  24.019
  14.697 -12.872  24.674
  15.797 -13.373  24.939
  14.556 -11.536  24.938
  13.385  -9.533  25.354
  13.703 -10.556  24.251
  14.757  -9.388  25.979
  15.406 -10.801  25.899
  15.497 -11.521  27.272
  16.458 -11.366  28.044
  14.468 -12.328  27.557
  11.269 -12.824  27.907
  11.259 -14.537  29.267
  11.783 -13.499  28.819
  13.119 -13.042  29.457
  14.448 -13.258   28.67
  14.579 -14.673  28.051
   15.14 -14.853   26.96
  14.179 -15.729  28.774
  14.239 -17.084  28.258
  12.895 -17.613  27.777
  12.767 -18.822  27.544
  11.864 -16.772  27.615
    6.25 -14.355  26.652
   7.775 -14.044  28.234
   7.362 -14.752  27.301
   8.087 -16.067  26.876
   9.562 -16.096  27.315
  10.569 -17.246  27.122
  10.652 -17.722  25.649
  11.554 -17.389  24.854
   9.683 -18.586  25.319
   8.178 -21.115  24.864
  10.758 -21.197  24.665
   9.443 -20.696  24.094
    9.61 -19.173  23.992
   8.525 -18.641  23.051
   7.387 -18.249  23.372
   8.979 -18.717  21.802
   7.906 -15.209  22.091
   8.024 -15.726  20.631
   8.996 -16.888  20.323
   9.461 -16.771  18.887
   8.227 -18.243   20.68
   8.229 -19.432  19.721
   9.187 -19.818  19.048
   7.137 -20.166  19.908
   4.635 -21.533  20.517
   5.069 -22.866  18.554
   5.713 -22.207  19.651
   6.785  -21.24  18.996
   6.226 -20.544  17.756
   5.234 -19.809  17.879
   6.873 -20.696  16.585
   6.518 -17.201  16.616
    7.63 -17.944  15.821
   7.211 -18.974  14.765
   6.399 -18.282  13.644
   6.325 -20.096  15.366
   6.171 -21.135  14.277
    7.12  -21.87  14.005
   5.022 -21.182  13.603
   4.892 -22.184  12.575
   4.162 -21.697  11.344
   4.722 -21.202  10.366
   2.845 -21.802  11.468
   1.345  -24.16  12.324
  -0.655 -23.286  12.665
   0.386 -23.269  11.983
   0.508 -22.263  10.786
   1.874  -21.56  10.402
   1.631 -20.061  10.129
   0.491 -19.728   9.776
   2.709 -19.219  10.262
    0.23 -18.222  13.608
   2.172 -19.248  13.492
   1.447 -18.239  13.354
   2.059 -16.934  12.835
   3.055 -17.024  11.672
   2.828 -17.716   10.28
   4.116 -17.305   9.561
   4.254 -16.263   8.908
   5.094 -18.157   9.865
  12.132 -21.754   9.233
  10.088 -22.404   8.311
  10.792 -21.732   9.236
  10.177 -21.024  10.179
   8.745 -20.907  10.254
   8.379 -19.707   9.471
   6.998 -19.393   9.869
   6.428 -18.101   9.341
   6.486 -17.893   7.808
   7.211 -17.024    7.32
   5.706 -18.645   7.019
   4.467 -21.986   5.667
   3.403 -22.813   5.959
   2.117 -22.397   5.712
   1.876 -21.151   5.168
   2.933 -20.315    4.87
   4.248 -20.723    5.12
   5.467 -19.816   4.811
   5.633 -18.453   5.572
   4.476  -17.54    5.18
   4.331 -17.138   4.019
   3.609 -17.258   6.155
  -1.696 -16.777  11.106
  -2.578 -16.185   9.023
  -1.641 -16.815    9.76
  -0.645 -17.485   9.173
  -0.624 -17.735   7.738
   0.746 -18.022    7.13
   1.424 -16.669   7.053
   2.429 -16.455   5.924
   2.666 -14.961    5.78
   1.869 -14.307   5.104
   3.696 -14.373   6.411
   6.376 -12.622   7.727
   4.668 -12.197   7.308
   3.905  -12.95   6.158
    4.64 -12.665   4.855
   4.188  -11.72   4.215
   5.677 -13.357   4.327
   7.774 -14.281   4.297
   6.427 -14.431   4.966
   7.339  -14.09   2.872
   6.291  -13.06   3.041
   5.256 -13.114    1.96
   5.282 -12.303   1.057
   4.278 -13.992   2.166
   1.036 -16.478  -1.283
   2.695  -17.46  -0.259
   1.717 -16.696   -0.27
   1.308 -16.011    1.03
   2.431 -15.408   1.863
   3.166  -14.21   1.277
   2.293 -12.959   1.115
    1.45 -12.867    0.22
    2.48 -11.948   1.951
    1.57  -8.482   3.209
   1.666 -10.708   4.049
   2.155  -9.853   3.041
   1.784 -10.673   1.825
   2.178  -9.978   0.517
   1.352  -9.301  -0.111
   3.453 -10.179    0.11
   7.624  -10.14  -0.271
   6.133  -8.129   0.066
   6.574  -9.237  -0.848
   5.445 -10.127  -1.229
   4.036   -9.66  -1.117
   3.314 -10.066  -2.379
   2.935  -9.185  -3.148
   4.106 -11.628  -2.739
   5.503 -14.649  -3.332
   6.769 -15.129   -3.69
   7.179  -15.09  -5.028
   6.325 -14.571  -6.007
   5.059 -14.091  -5.649
   4.648 -14.131  -4.312
   3.267 -13.598   -3.92
   3.248 -12.117  -3.802
   1.691 -11.729  -3.712
    0.81   -12.6  -3.751
    1.31 -10.404    -3.6
  -0.274  -12.08  -6.655
  -2.401  -12.48  -7.098
  -1.558 -11.946  -6.382
  -1.993 -11.127  -5.174
  -1.021 -11.255  -4.007
  -0.167 -10.004  -3.785
  -0.935  -9.289  -2.598
  -2.078  -9.643  -2.268
  -0.447  -8.257  -1.867
   0.993  -6.668  -0.947
   0.906  -7.717  -2.022
  -0.344  -6.586    -0.2
  -1.281  -7.605   -0.81
  -2.543  -6.914  -1.409
  -2.406   -6.12  -2.389
  -3.737  -7.201  -0.805
  -7.089  -7.274  -2.464
  -5.742  -7.644  -2.226
  -5.079  -6.643  -1.275
  -6.029  -6.387  -0.074
  -6.081  -7.177    0.88
  -6.765  -5.277   -0.16
  -7.472   -2.24   3.752
  -8.284  -1.774   4.793
  -9.564  -2.312   4.976
 -10.031  -3.316   4.119
  -9.218  -3.782   3.078
  -7.939  -3.243   2.895
  -7.049  -3.749   1.759
  -7.703  -4.847    0.91
  -8.934  -4.213   0.247
  -8.822  -3.453  -0.723
 -10.065  -4.543   0.785
 -14.613  -3.428   2.458
 -13.748  -3.615   1.202
 -12.326   -4.06   1.528
 -11.874  -3.139   2.669
 -11.364   -4.03   0.329
 -11.266  -2.544  -0.148
 -11.427  -1.607   0.635
 -10.993  -2.314  -1.449
 -11.003  -0.912  -2.005
  -9.657  -0.469  -2.647
  -9.615    0.45  -3.481
  -8.589  -1.106   -2.23
  -7.428   1.953   1.961
  -6.365   1.427   0.635
  -7.298   0.496  -0.562
  -6.422  -0.088  -1.671
   -7.22  -0.832  -2.746
  -6.554   -2.16  -3.071
  -6.673  -3.137  -2.315
  -5.877  -2.166  -4.194
   -8.61  -5.028  -5.764
  -8.042  -7.156  -5.387
  -7.704  -5.924  -5.566
  -6.227  -5.525  -5.541
  -6.012  -4.029   -5.78
  -5.189  -3.357  -4.681
  -3.829  -2.999  -5.259
   -3.69  -2.023  -6.012
  -2.882   -3.81   -4.87
   0.728   -3.01  -4.763
  -0.655  -2.838  -4.431
  -1.511  -3.721  -5.337
  -0.888  -5.082  -5.317
  -0.608  -5.648  -4.257
  -0.701  -5.602  -6.474
  -0.373  -7.515  -7.926
  -0.015  -6.847  -6.597
   1.455  -6.533  -6.534
    1.91  -5.519  -7.085
   2.166  -7.371  -5.862
   3.595  -7.199   -5.72
   4.322  -8.346  -6.391
   3.754  -9.433  -6.577
   5.541  -8.035  -6.734
   7.483  -8.306  -4.865
   7.284  -9.816  -5.036
   6.634 -10.184   -6.37
   7.495 -11.299  -6.964
   6.489  -8.984  -7.302
    6.07  -9.495  -8.686
   6.232  -8.802  -9.699
   5.542 -10.704  -8.675
    2.26 -13.678  -9.648
     1.2 -13.451  -8.831
   1.561 -12.674   -7.84
   2.842 -12.373  -7.973
   3.314 -13.002  -9.119
    4.77 -12.885  -9.566
   5.247 -11.459  -9.904
   4.298 -10.762 -10.843
   4.782 -10.613 -11.944
   2.277 -10.073 -10.499
  -0.261 -10.969  -8.712
  -2.376 -10.827  -9.037
   -1.22 -10.768  -9.464
  -0.986 -10.435 -10.959
  -0.003  -9.268 -11.297
   1.495  -9.522 -11.615
   2.043   -8.17 -12.058
   1.925  -7.756 -13.212
   2.729  -7.499 -11.133
   4.988  -5.206  -9.606
    2.71  -4.573  -9.907
    3.61  -5.659  -9.959
   3.326    -6.2 -11.381
   4.509  -6.347 -12.313
   4.508    -5.7  -13.36
   5.437  -7.261     -12
   8.188  -9.554 -13.177
   7.878  -8.394 -11.093
   7.211  -8.858  -12.26
   6.546  -7.617 -12.873
   6.043  -7.877 -14.303
   6.655   -7.44 -15.277
   4.863  -8.511  -14.45
    0.87 -12.508  -20.17
   1.331  -9.819 -17.606
   0.813 -10.521   -18.7
   1.384 -11.721 -19.108
   2.482 -12.171 -18.395
   2.989 -11.482 -17.313
   2.424   -10.3 -16.895
   2.975  -9.628 -15.627
   4.263  -8.812 -15.743
   3.896  -7.526 -16.404
   4.454  -7.178 -17.422
    3.05  -6.772 -15.755
  -0.192  -6.583 -16.313
  -0.141  -5.929 -14.155
   0.303  -5.852   -15.3
   1.464  -4.931 -15.574
   2.506  -5.615 -16.402
   3.522  -4.584 -16.718
   3.231   -3.66 -17.494
   4.693   -4.74 -16.091
   7.853  -2.913  -15.46
   6.811  -3.855 -15.262
    5.77  -3.814 -16.366
    6.36  -4.302 -17.676
   6.535  -3.491 -18.585
   6.573  -5.617 -17.821
   8.841   -9.21  -17.26
   8.518  -7.797 -17.796
   7.391  -7.648 -18.802
   7.815  -8.335 -20.087
   7.139   -6.15 -19.035
   6.178  -5.868 -20.188
   6.604  -5.381 -21.237
   4.864  -6.012 -19.983
   1.081  -9.212 -21.931
   2.742  -8.633 -22.111
   2.044  -6.986 -21.935
   2.594  -6.414  -20.67
   3.895  -5.788 -21.046
   3.631  -4.338 -21.441
   2.936  -4.034 -22.421
   4.233  -3.449 -20.658
   2.807  -0.093 -16.763
   1.921   0.251 -17.864
   2.286  -0.458 -19.167
   3.675  -0.045 -19.556
   4.457  -1.306 -19.609
   4.215  -2.022 -20.919
   5.295  -1.612 -21.942
   5.251  -0.492 -22.461
   6.245  -2.547 -22.184
   9.031  -2.337 -20.855
   8.586  -3.146 -22.391
    7.43  -2.414 -23.027
   7.364  -2.898 -24.464
   6.759  -3.948 -24.699
   8.049  -2.229 -25.416
   10.26   -2.81 -29.277
  11.149  -1.738 -27.659
  10.153  -2.137 -28.253
   8.759  -1.733 -27.725
   7.963  -2.679  -26.79
    8.48  -4.105 -26.878
   9.366  -4.548 -26.165
   7.591  -4.814 -27.546
   6.847  -4.152 -30.329
   6.007  -5.339 -29.713
   6.822  -6.541 -29.193
   6.042   -7.79  -28.82
   7.684   -6.22 -27.947
   9.022  -6.882 -28.282
   9.254  -8.081 -28.009
   9.878  -6.104 -28.952
  10.953  -4.084 -32.078
   10.38  -6.141 -32.221
  11.001  -5.245 -31.653
  11.832  -5.605  -30.39
  11.162  -6.634 -29.382
  11.978   -6.88 -28.109
  12.492  -7.984 -27.911
  11.969   -5.94 -27.153
   12.17  -2.618 -24.128
   11.83  -4.021 -24.632
  13.031  -4.714 -25.221
  13.596  -3.836 -26.301
  12.758  -6.076 -25.934
  12.144  -6.989 -24.908
  12.882  -7.421 -24.033
  10.866  -7.362 -24.988
   3.671  -7.189 -25.834
   4.628  -5.425 -24.683
   4.658  -6.715 -25.066
   5.627  -7.576 -24.719
   6.631  -7.192 -23.754
    8.07  -7.177 -24.225
   8.798  -8.505 -24.232
  10.267  -8.233 -23.976
  10.939   -9.58 -23.834
  10.742 -10.208 -22.803
  11.746 -10.057 -24.792
  15.988  -8.776 -27.924
  15.744 -10.121 -28.443
  15.102 -11.065 -27.408
   13.59  -10.88 -27.063
  13.012 -11.867 -25.987
  12.511  -11.29 -24.604
  13.707 -11.038 -23.674
  14.006 -11.917 -22.867
  14.386  -9.877 -23.707
    16.2   -7.59 -25.508
  17.473  -9.305 -25.147
  16.684  -8.441 -24.755
  16.292  -8.407 -23.301
  15.542  -9.618 -22.862
  15.185  -9.368 -21.411
  15.987  -9.564 -20.503
  13.983  -8.866 -21.164
  11.553   -5.43  -20.69
  14.029  -5.765 -20.227
  12.618  -6.136 -19.856
  12.399  -7.634 -19.986
  13.537   -8.61 -19.826
  13.172  -9.909 -19.099
  13.752 -10.121 -18.041
  12.315 -10.832 -19.594
   5.643 -11.687 -20.496
   9.185 -12.446 -21.073
   7.865 -12.088  -21.27
   6.979 -12.016 -20.219
    7.45 -12.308 -18.938
   8.786 -12.669 -18.741
   9.663 -12.734 -19.821
  11.143 -13.083 -19.685
  12.031 -12.084 -18.897
  13.318 -12.843 -18.607
  13.471 -13.373 -17.512
  14.313 -12.872 -19.494
  16.174 -14.053 -20.459
  15.488 -13.651 -19.185
  16.498 -12.975 -18.274
   17.49 -13.641 -17.919
  16.245 -11.701 -17.859
   19.49  -9.803 -19.493
  19.467 -11.593  -18.24
  19.004 -10.491 -18.476
  17.932  -9.906 -17.608
  17.108 -10.966 -16.933
  16.274 -10.259 -15.917
  15.969  -9.072 -16.026
   15.92 -10.992 -14.874
  12.626  -9.984 -12.137
  11.528 -10.891 -13.844
  12.597 -10.725 -13.252
  13.841 -11.395  -13.79
  15.004 -10.441 -13.884
  15.765 -10.327 -12.582
   15.81 -11.273 -11.803
  16.397  -9.189 -12.304
  19.393  -8.742 -12.486
  19.218  -7.736 -10.245
  18.451  -8.094 -11.488
  17.269  -9.069 -11.137
  16.471  -8.582  -9.938
  15.747  -7.584 -10.008
  16.612  -9.324  -8.837
  14.214  -12.91  -6.133
  13.272 -11.565  -6.798
  14.535 -10.852   -7.85
  15.459 -10.149  -6.904
  15.967  -8.945  -7.596
  16.938  -8.227  -6.672
  18.126  -8.568  -6.609
  16.467    -7.2  -5.967
  17.713  -4.234  -5.805
  18.211  -5.556  -5.789
  17.339  -6.521  -5.046
  16.558  -5.788  -3.975
   15.41  -5.405  -4.176
  17.242  -5.603  -2.844
   16.69  -4.971  -1.649
  16.497  -5.918  -0.459
  16.201  -7.099  -0.626
  16.639  -5.379    0.75
  16.466  -6.113   1.984
  15.225  -7.004   1.994
  15.406  -8.218   2.024
  13.973  -6.561   1.883
  10.423  -6.721   1.452
  11.477  -6.996    3.69
  11.682  -6.616   2.308
  12.895  -7.508   1.936
  12.746  -8.439   0.733
  11.815  -9.243   0.741
  13.661  -8.486  -0.276
  13.388   -7.95  -3.298
  15.439  -8.992  -2.707
  14.052  -9.167  -2.753
  13.588  -9.542  -1.304
  14.509 -10.666  -0.877
  14.964 -11.445  -1.712
  14.858 -10.776   0.399
  19.745 -11.871   1.202
  19.304 -10.176   1.441
  17.618  -10.31   0.847
  16.836 -11.296   1.653
  15.701 -11.879    0.82
  15.005 -13.046   1.569
  15.683 -13.977   2.036
  13.659 -13.087   1.688
  10.136  -9.271   4.882
  10.612 -11.764   2.298
  10.257 -10.599   2.928
  10.339 -10.505   4.296
  10.746 -11.577   5.047
  11.103 -12.744   4.428
  11.039  -12.82   3.061
  11.498 -14.055    2.35
  12.988 -14.192   2.351
  13.303 -15.401   1.513
  12.966 -15.376   0.333
  13.991 -16.436   2.006
  15.623 -17.639   3.204
   14.63 -16.477   3.331
  14.876 -18.589   2.282
   14.28 -17.652   1.235
   13.13  -18.27   0.425
  11.942 -18.135   0.707
  13.557 -18.867  -0.689
   12.67  -19.46  -1.682
  11.857 -18.446  -2.473
  10.871 -18.838  -3.095
  12.225 -17.153  -2.478
  10.631 -12.415  -2.797
  10.734 -13.829  -3.384
  11.773 -14.708   -2.72
   13.21 -14.257  -3.037
  11.441 -16.152  -3.188
  11.699 -16.264  -4.661
  10.791  -16.13  -5.476
  12.955 -16.571  -4.965
  14.856 -17.077  -6.336
  13.388  -16.69  -6.332
  12.557 -17.742  -7.043
  11.889 -17.405  -8.015
  12.497  -18.95  -6.443
  14.317 -21.608   -6.61
  13.532 -22.585  -4.827
  13.379 -21.877  -5.837
  11.961 -21.341  -6.099
  11.792 -20.108  -6.982
  10.314 -19.869  -7.114
   9.686 -20.323  -8.067
   9.768 -19.121  -6.159
   3.585 -18.557  -2.714
   2.219 -17.261  -4.059
   3.316 -18.031  -3.906
   4.131 -18.268  -4.948
    5.44 -18.892  -4.831
   6.482 -17.791  -4.757
   7.937 -18.187  -4.837
   8.354 -18.828  -6.153
   8.071 -17.902  -7.294
   7.135 -18.228  -7.996
   8.872 -16.849  -7.515
   8.516 -11.455  -9.406
   7.899 -12.681  -8.302
   9.404 -13.523   -7.78
   9.705 -14.753  -8.583
   8.691 -15.882  -8.594
   8.875 -16.539  -9.939
   8.113 -16.343 -10.878
   9.933 -17.341  -9.973
   11.23 -20.236 -13.654
  13.409 -19.795 -13.097
  12.238 -20.076  -12.78
  11.831 -20.271 -11.332
  11.514 -18.979 -10.616
  10.405 -18.068 -11.133
    9.28 -18.816   -11.8
   8.951 -18.589 -12.964
   8.683 -19.652 -10.949
   3.815 -21.958  -7.647
   5.097 -22.594  -7.362
   6.012 -22.706  -8.607
   6.661 -21.404  -9.081
   7.472 -21.656 -10.344
   7.586  -20.49 -11.341
   6.299 -19.676 -11.393
   5.322 -20.047 -12.042
   6.271 -18.539 -10.729
   2.064 -17.387    -9.6
   2.704 -17.522  -7.525
    2.82 -17.092  -8.674
    3.94 -16.131  -8.973
   5.173 -16.777  -9.523
   5.064 -17.744 -10.703
   4.837 -17.003  -12.01
   3.702 -17.012 -12.509
   5.928  -16.43 -12.585
   9.125 -14.216   -14.9
    8.35 -15.257 -14.076
    7.01 -14.602 -13.983
   7.026 -13.644 -12.801
   5.815 -15.602 -13.777
   5.733 -16.487 -15.002
   5.033 -16.127 -15.936
   6.417 -17.637 -14.969
   6.321 -21.266 -15.699
   8.307 -19.827 -15.482
   6.912 -19.931 -15.255
   6.322 -18.702  -15.95
   4.884 -18.915 -16.409
   4.549 -18.869 -17.584
   4.011 -19.105 -15.425
   1.936 -19.578 -14.303
   2.585 -19.302 -15.646
   1.861 -18.136 -16.318
   0.937 -18.312 -17.117
    2.32 -16.934 -15.961
   -0.07 -13.412 -15.003
   1.562 -13.913 -13.169
   0.965 -14.375 -14.465
   2.057 -14.569  -15.52
   1.777 -15.709   -16.5
    2.34 -15.389 -17.868
    1.59 -14.912 -18.734
   3.611 -15.736 -18.115
   5.775 -15.146 -19.104
   4.311 -15.364 -19.345
   4.262 -16.347 -20.496
     4.4 -17.544 -20.257
   4.198 -15.865 -21.755
   4.458   -14.3 -23.451
   3.811 -14.485 -22.092
   4.272  -15.68 -24.081
   4.062 -16.694 -22.958
   4.988 -17.917 -23.047
   6.134 -17.882 -22.596
   4.526 -19.015 -23.651
   4.569 -22.457 -23.279
   4.405 -21.356 -24.163
   5.243 -20.279 -23.573
   6.621 -20.458  -24.14
   7.418 -21.245 -23.641
   6.905 -19.746 -25.211
   7.514 -19.791 -28.272
   7.772 -17.763 -26.955
   8.293 -19.077 -27.167
   8.223  -19.82 -25.799
   9.236 -19.169 -24.863
  10.407 -19.542 -24.966
   8.801 -18.243 -23.968
   8.524 -13.083 -24.741
    9.46 -14.392 -23.966
   8.217 -15.501 -23.295
   8.886 -16.455 -22.348
   9.683 -17.417 -23.149
  10.608 -18.125 -22.201
  10.229 -19.101 -21.559
  11.844 -17.601 -22.185
   16.79 -19.827 -18.351
   16.76 -19.842 -19.813
  16.045  -18.61 -20.387
  15.376 -18.994 -21.712
   14.24 -18.087 -22.203
  12.947 -18.116 -21.381
  13.094 -17.226 -20.145
  13.819 -16.227 -20.149
   12.44 -17.609 -19.053
   8.588 -16.682 -17.532
  10.056 -16.362 -17.859
  11.122 -17.224 -17.174
  11.158 -17.094 -15.648
   12.45 -16.842 -17.829
  13.688 -17.104 -16.982
  14.126  -18.25 -16.823
  14.285 -16.037 -16.447
   19.73 -15.899 -15.113
  19.696  -16.59 -16.398
   18.71  -17.77  -16.41
  17.363 -17.485 -15.738
  16.616 -16.342 -16.367
  15.384 -16.225 -15.544
  15.532 -15.153 -14.476
  15.978 -14.027 -14.703
  15.145 -15.631 -13.275
   12.14 -14.367 -12.132
  12.808  -15.62 -11.571
  14.203 -15.531 -10.983
  14.254  -14.69  -9.726
   15.18 -14.931 -11.981
  16.569 -15.033 -11.353
  17.082  -16.11 -11.033
  17.126 -13.842  -11.15
  19.399  -12.43 -14.284
  18.987 -13.409 -13.184
  19.233 -12.863 -11.782
  20.705 -12.969 -11.482
  18.492 -13.662 -10.696
   18.45 -12.931  -9.352
  18.124  -11.75   -9.23
  18.766 -13.683  -8.308
  17.693 -13.991  -6.176
  18.746 -13.183  -6.954
  20.129  -13.28  -6.289
  20.376 -14.232  -5.547
  21.083 -12.356  -6.486
  22.363 -10.821  -7.656
  20.937 -11.219  -7.383
  22.976 -11.052  -6.305
  22.389 -12.343  -5.823
  22.422 -12.486  -4.287
  21.459 -12.121  -3.589
  23.512 -13.005  -3.683
  25.744 -13.703  -3.194
   24.76  -13.39  -4.346
  24.797  -14.26  -2.156
   23.63 -13.277  -2.241
  23.835 -12.022    -1.4
  23.473 -11.936  -0.222
  24.441 -11.075  -2.115
  26.462 -10.605  -5.833
  25.537  -8.731  -5.318
  26.153  -9.754  -4.991
  26.604 -10.006  -3.532
  26.002  -9.207  -2.344
  24.763   -9.76  -1.631
  23.591  -8.827   -1.88
  23.748   -7.62  -1.697
  22.388  -9.321    -2.2
  19.063 -13.285  -2.553
  16.842 -13.646  -2.032
  17.808  -12.84   -2.45
  17.489 -11.585  -2.763
  18.442 -10.675  -3.357
  19.453 -10.158  -2.396
  20.261  -9.276  -3.281
  21.323  -8.438   -2.61
  20.669   -7.51  -1.604
  19.578  -7.028  -1.881
  21.218  -7.224  -0.421
  22.807  -7.952   5.595
  21.544  -8.456   5.086
   20.82  -7.477   4.143
  21.435   -7.32   2.738
  20.343  -6.716   1.832
  20.658  -6.168   0.411
  21.619  -4.966    0.46
  21.492  -4.043   1.257
   22.65  -4.943  -0.377
  24.517  -4.528    5.82
  25.396  -5.113   2.313
  25.328  -5.273   3.679
  24.626  -4.345   4.445
  24.004  -3.253   3.859
   24.09  -3.102    2.49
  24.776  -4.029   1.734
  24.847  -3.873   0.236
  23.508  -3.769  -0.535
  23.871  -3.593  -2.017
  24.768  -2.815  -2.332
  23.197  -4.213   -2.98
  21.576  -4.824  -5.354
  22.945  -5.094  -5.198
  23.655  -4.078  -4.325
  23.471  -2.678   -4.87
  24.314  -2.278   -5.66
  22.479  -1.862  -4.466
  19.875  -0.318  -4.961
  21.082    1.66  -4.702
  21.122   0.219  -4.353
  22.337  -0.491  -4.968
  23.595    0.25  -4.578
  24.104   0.994  -5.414
  24.142   0.005  -3.365
   28.08   0.989  -0.795
  28.848  -0.091  -1.236
  30.216  -0.072  -1.097
  30.803   1.017  -0.523
  30.042   2.089  -0.081
  28.666   2.098  -0.205
  27.722   3.004   0.146
  26.535   2.554  -0.195
  26.742   1.322  -0.783
  25.614   0.475  -1.381
  25.362   0.691  -2.886
   26.56    0.14  -3.647
  27.348   0.915  -4.195
  26.689  -1.188  -3.728
  27.272  -5.279  -2.568
  27.753  -3.876  -2.844
  27.536  -3.398   -4.28
  28.477  -4.133  -5.201
  27.799  -1.862  -4.395
  27.937  -1.386  -5.844
  29.038  -1.055  -6.304
  26.796  -1.264  -6.522
  26.745  -0.782  -7.887
  27.313   0.619  -7.947
  28.016   0.956  -8.889
  27.075    1.42  -6.911
   27.59   2.759   -6.84
  29.097    2.77  -6.673
  29.751   3.643  -7.243
  29.666   1.789   -5.95
  32.489   0.892  -3.971
  31.297     0.6  -4.665
    31.1   1.698  -5.667
  31.953   1.432  -6.898
  32.953   2.071  -7.226
  31.441    0.44  -7.601
  30.405  -3.447  -8.761
  31.335  -2.311  -8.361
  31.198  -1.155  -9.314
  31.671  -1.556 -10.689
  32.025  -0.019  -8.819
  32.023    1.12  -9.797
  33.033   1.406 -10.408
  30.892   1.786  -9.932
  27.627   4.978  -11.79
  29.105   3.655 -13.259
  29.007   4.379 -11.956
  29.344   3.362 -10.908
  30.791   2.899 -10.844
  31.676   4.057 -10.397
  32.316   4.673 -11.236
  31.767   4.371  -9.104
   31.88   6.015   -7.32
  32.437   5.577  -8.655
  33.925   5.413  -8.502
  34.704    6.36  -8.352
  34.345   4.168  -8.458
  37.428   3.487  -6.668
  36.155   3.119  -7.221
  35.765   3.944  -8.469
  35.845   3.175   -9.79
  35.706   1.947    -9.8
  35.848   3.905  -10.93
  33.603   2.354 -15.165
   34.74   0.598  -13.81
   34.78   2.073  -14.23
  34.692   2.967 -12.978
  35.986   3.347 -12.283
  36.571   4.416 -13.169
  36.069    5.53 -13.329
  37.552   3.875 -13.868
  39.223   2.193 -14.775
  39.109   3.392 -15.568
  38.481   4.533  -14.78
  37.797   5.565 -15.682
  38.118   6.758 -15.661
  36.752   5.061 -16.366
  33.661   5.442 -18.543
  35.341   3.644 -18.183
   34.71   4.798 -17.632
  35.837   5.798 -17.252
  35.215   7.097 -16.687
  35.372   8.201 -17.226
  34.564   6.865 -15.534
    31.8   8.366 -11.873
  30.612   8.879 -11.386
  29.433   8.585 -12.035
  29.436   7.784 -13.157
   30.62   7.266 -13.649
  31.815   7.559 -13.012
  33.147   7.035 -13.583
  33.719   7.797 -14.811
  34.236   9.174 -14.393
  33.348  10.004 -14.208
  35.513   9.562 -14.149
  38.857  14.596  -14.59
  36.998  14.105 -13.398
  37.932  13.718 -14.134
  38.096  12.246 -14.608
  37.373  11.085 -13.871
  35.856  10.969 -13.856
  35.202  11.975 -14.819
  34.891  13.121 -14.503
  34.982  11.501 -16.034
  37.941  11.619  -18.06
  36.636  13.398 -18.683
   36.79  12.153 -18.531
  35.706  11.064 -18.821
  34.269  11.358 -18.336
  34.257   12.22  -17.07
  32.823  12.688  -16.79
   32.33  13.664 -17.375
  32.173  11.909 -15.911
  28.196   9.228  -16.76
  29.602  10.032 -17.489
  30.681    9.65 -16.112
  30.347  10.679 -15.046
  30.795  12.043 -15.441
  30.444  13.009  -14.31
  29.386   13.63 -14.352
  31.263  13.105 -13.266
  32.264  12.316  -9.749
  31.172   12.46  -8.918
  30.995  11.515  -7.933
  31.883  10.461  -7.784
  32.972  10.322  -8.615
   33.15  11.267  -9.602
  34.115  11.358  -10.53
  33.944  12.396 -11.297
  32.822  12.961 -10.807
  32.311  14.207 -11.416
  31.065  14.007 -12.149
  30.591  15.417 -12.383
   31.25  16.032 -13.201
  29.609   16.02 -11.689
  26.821  16.722 -13.624
  26.775   16.81 -12.065
  27.772  17.743 -11.364
  27.401  19.228 -11.607
   29.23  17.438 -11.869
  30.211  18.254 -11.033
  30.272  17.982  -9.837
  30.975  19.235 -11.557
  33.928  18.973 -11.947
  32.897  21.108 -12.505
  33.248  20.212 -11.455
  31.965  19.942 -10.741
  31.589  21.309 -10.227
  30.849   22.02  -10.89
  32.237  21.701   -9.13
  37.429  23.189 -11.328
  36.849  22.754 -10.055
  35.728  23.687  -9.453
  34.906   22.95  -8.319
  33.462   23.37    -7.8
  32.145  23.038  -8.562
  31.876  24.133  -9.579
  30.817   24.75  -9.603
  32.802  24.127 -10.562
  35.126  25.396 -15.954
  36.722  25.794 -14.414
  35.507  25.706 -14.697
  34.408  25.976 -13.628
  34.086  24.842 -12.596
  32.884  25.117 -11.633
  31.585  24.986  -12.39
  30.795  25.925 -12.365
  31.347  23.779 -12.911
  32.226  19.991 -15.233
  30.084  19.572 -15.205
  31.048  20.345 -15.175
   30.81  21.816 -15.037
  30.025  22.067 -13.822
  30.166  23.509  -13.68
  28.911  24.059 -13.068
  28.187   24.84 -13.686
  28.799  23.752 -11.775
  23.133  24.868    -6.9
  26.594  24.486  -7.693
  25.463  24.881  -7.034
  24.264  24.456   -7.52
  24.138  23.655  -8.612
  25.268   23.26  -9.263
  26.496  23.687  -8.811
  27.737  23.404  -9.635
  27.651  24.151 -11.008
   27.59  25.687  -10.89
   26.48  26.208 -11.055
  28.689  26.458 -10.675
  29.758  27.586  -7.914
  31.529  28.748  -8.328
  30.466  28.232  -8.705
  30.034   28.43 -10.178
  28.627  27.925 -10.586
  28.141  28.554 -11.913
  27.201  29.367  -12.03
   28.82  28.087 -12.957
  32.185  27.073 -16.517
  33.379  28.548 -15.461
  32.279  28.066 -15.765
  31.026  28.737  -15.16
    29.7  27.933 -15.253
  28.506  28.385 -14.344
   27.18  27.784 -14.858
  26.731  28.267   -15.9
  26.518  26.735 -14.326
  25.426  24.893 -15.578
  25.249  26.271 -14.922
  24.014  26.171  -14.02
  22.855  26.209 -14.479
  24.286  26.035 -12.713
   23.27  25.911 -11.672
  22.585  24.536 -11.674
  22.878  23.707 -12.535
    21.6  24.256 -10.809
  20.426  24.391  -8.789
  20.962  25.237  -9.935
  19.955  23.193  -9.549
  21.067  22.926 -10.527
  20.593  22.105 -11.719
  20.795  20.887 -11.695
  19.829  22.343 -12.747
  17.652  23.233 -15.113
   19.08  23.198 -14.934
    19.4  21.988 -14.109
  20.382  20.997 -14.726
  19.981  19.973 -15.306
  21.612  21.346 -14.564
  26.673  21.326 -14.846
  25.348  20.734  -15.35
  24.098  21.347 -14.674
  24.326  21.153  -13.17
   22.76  20.722 -15.179
  22.697  19.294 -14.795
  22.868  18.407 -15.637
   22.46   19.01 -13.562
   23.13  18.334 -10.877
  22.251  16.085 -11.225
  22.182  17.518 -11.757
  22.508  17.617 -13.211
  21.543  16.735 -14.025
   21.94  15.695 -14.577
  20.297  17.147 -14.066
  15.494  16.862 -15.681
  14.907  15.852 -16.374
  15.778    14.9 -16.596
  16.939  15.247 -16.067
  16.787  16.499 -15.476
  17.942  17.207 -14.767
  19.239  16.403 -14.777
  19.651   16.14 -16.231
  19.521  15.016 -16.741
  20.136  17.199 -16.852
  23.657  21.155 -23.695
  23.373  22.242 -21.734
  23.227  21.105 -22.427
  22.687  20.017 -21.862
  22.216  19.962 -20.471
  21.645  18.596 -20.087
  21.161  18.538 -18.637
  20.587  17.174 -18.252
  21.669  16.106  -18.44
  21.611  15.295 -19.375
   22.63  16.147 -17.534
  28.338  18.885 -16.673
  27.954  17.477 -16.845
  26.498  17.203 -16.465
  26.101  15.737 -16.643
  24.639  15.467 -16.294
  23.765  15.208 -17.525
  23.244  13.777 -17.472
   23.71    12.9 -18.226
  22.299   13.63  -16.58
  19.694  11.061 -14.819
  20.456  12.641 -15.328
  21.609  12.382 -16.318
  21.042  11.805 -17.633
  21.271  10.626 -17.972
  20.328  12.676 -18.327
  16.276  10.563 -19.801
  15.755   9.421  -20.42
  16.557   8.667 -21.286
   17.88   9.055 -21.532
    18.4  10.197 -20.912
  17.598  10.949 -20.048
  18.166  12.192 -19.371
  19.665  12.384 -19.612
  19.864  13.537 -20.598
  19.368  13.499 -21.734
  14.264   1.238   1.443
  15.587   0.877   1.999
  16.607   1.002   0.935
  15.919   1.812   3.097
  15.555  -0.669   2.568
  16.549  -1.863   2.452
  16.773  -2.308   1.059
  17.858  -1.601   3.091
  15.763  -2.989   3.266
  15.309   -2.69   4.597
   14.14  -3.569   4.952
  14.469  -4.931   4.572
   13.76  -3.615   6.432
  12.331  -3.588   6.596
  14.456    -4.9   6.875
  13.824  -5.497    8.02
  14.329  -5.786   5.662
   17.33 -11.009   5.722
  15.323  -6.853   5.639
  16.676  -6.763   5.731
   17.28  -7.945   5.761
   16.24 -10.255   5.618
  16.251  -8.849   5.656
  15.037  -8.204   5.552
  13.818  -8.774   5.411
  13.912 -10.072   5.374
  15.031 -10.857   5.468
  16.442   0.971   -1.59
