
 Successful steps:           107
 Bad steps:                    0
 Y(END)=  0.9978984      1.9028881E-03  9.1329588E-05
    10.0000E-09    33.2469E-03   661.2510E-03   305.1195E-03   383.0467E-06
    25.0000E-09    33.2471E-03   661.2508E-03   305.1194E-03   383.1363E-06
    47.5000E-09    33.2474E-03   661.2505E-03   305.1192E-03   383.2707E-06
    81.2500E-09    33.2479E-03   661.2501E-03   305.1190E-03   383.4723E-06
   131.8750E-09    33.2485E-03   661.2495E-03   305.1187E-03   383.7747E-06
   207.8125E-09    33.2495E-03   661.2484E-03   305.1183E-03   384.2284E-06
   321.7187E-09    33.2510E-03   661.2470E-03   305.1176E-03   384.9089E-06
   492.5781E-09    33.2532E-03   661.2448E-03   305.1166E-03   385.9296E-06
   748.8671E-09    33.2565E-03   661.2414E-03   305.1150E-03   387.4606E-06
     1.1333E-06    33.2615E-03   661.2364E-03   305.1127E-03   389.7571E-06
     1.7100E-06    33.2690E-03   661.2290E-03   305.1093E-03   393.2019E-06
     2.5749E-06    33.2802E-03   661.2177E-03   305.1041E-03   398.3688E-06
     3.8724E-06    33.2970E-03   661.2009E-03   305.0964E-03   406.1190E-06
     5.8186E-06    33.3222E-03   661.1757E-03   305.0848E-03   417.7435E-06
     8.7379E-06    33.3601E-03   661.1379E-03   305.0673E-03   435.1788E-06
    13.1168E-06    33.4168E-03   661.0811E-03   305.0412E-03   461.3282E-06
    19.6852E-06    33.5020E-03   660.9960E-03   305.0019E-03   500.5446E-06
    29.5378E-06    33.6297E-03   660.8683E-03   304.9431E-03   559.3518E-06
    44.3167E-06    33.8212E-03   660.6769E-03   304.8549E-03   647.5231E-06
    66.4851E-06    34.1084E-03   660.3898E-03   304.7226E-03   779.6919E-06
    99.7377E-06    34.5391E-03   659.9594E-03   304.5243E-03   977.7463E-06
   149.6165E-06    35.1847E-03   659.3143E-03   304.2271E-03     1.2744E-03
   224.4348E-06    36.1524E-03   658.3478E-03   303.7819E-03     1.7183E-03
   336.6621E-06    37.6023E-03   656.9008E-03   303.1155E-03     2.3820E-03
   505.0032E-06    39.7732E-03   654.7363E-03   302.1187E-03     3.3725E-03
   757.5148E-06    43.0207E-03   651.5028E-03   300.6302E-03     4.8468E-03
     1.1363E-03    47.8726E-03   646.6827E-03   298.4122E-03     7.0332E-03
     1.7044E-03    55.1065E-03   639.5193E-03   295.1184E-03    10.2564E-03
     2.5567E-03    65.8594E-03   628.9232E-03   290.2510E-03    14.9671E-03
     3.8350E-03    81.7705E-03   613.3580E-03   283.1119E-03    21.7603E-03
     5.7525E-03   105.1532E-03   590.7314E-03   272.7567E-03    31.3594E-03
     8.6288E-03   139.1623E-03   558.3512E-03   257.9842E-03    44.5030E-03
    12.9432E-03   187.8595E-03   513.0885E-03   237.4252E-03    61.6275E-03
    18.5341E-03   247.0248E-03   459.8673E-03   213.3831E-03    79.7255E-03
    24.7571E-03   307.9661E-03   407.1218E-03   189.6892E-03    95.2236E-03
    31.5401E-03   368.9136E-03   356.5313E-03   167.0765E-03   107.4793E-03
    38.8534E-03   428.7310E-03   309.0474E-03   145.9372E-03   116.2850E-03
    46.6823E-03   486.5756E-03   265.2512E-03   126.4912E-03   121.6826E-03
    55.0232E-03   541.8249E-03   225.4549E-03   108.8375E-03   123.8834E-03
    63.8808E-03   594.0262E-03   189.7741E-03    92.9907E-03   123.2096E-03
    73.2683E-03   642.8722E-03   158.1742E-03    78.9044E-03   120.0498E-03
    83.2906E-03   688.5264E-03   130.3029E-03    66.3970E-03   114.7743E-03
    94.0196E-03   730.9034E-03   105.9751E-03    55.3674E-03   107.7548E-03
   105.5177E-03   769.8704E-03    85.0214E-03    45.7290E-03    99.3799E-03
   117.4186E-03   804.1875E-03    67.7910E-03    37.6506E-03    90.3717E-03
   129.3950E-03   833.4696E-03    54.0790E-03    31.0694E-03    81.3827E-03
   141.4030E-03   858.3450E-03    43.2164E-03    25.7112E-03    72.7281E-03
   153.4414E-03   879.4682E-03    34.6146E-03    21.3340E-03    64.5839E-03
   165.5175E-03   897.4107E-03    27.8014E-03    17.7445E-03    57.0441E-03
   177.6396E-03   912.6570E-03    22.4035E-03    14.7902E-03    50.1499E-03
   189.8190E-03   925.6189E-03    18.1255E-03    12.3500E-03    43.9062E-03
   202.0691E-03   936.6450E-03    14.7338E-03    10.3275E-03    38.2943E-03
   214.4064E-03   946.0300E-03    12.0439E-03     8.6459E-03    33.2808E-03
   226.8497E-03   954.0228E-03     9.9101E-03     7.2437E-03    28.8242E-03
   239.4226E-03   960.8340E-03     8.2169E-03     6.0710E-03    24.8788E-03
   252.1537E-03   966.6423E-03     6.8731E-03     5.0878E-03    21.3976E-03
   265.0779E-03   971.5983E-03     5.8065E-03     4.2614E-03    18.3346E-03
   278.2377E-03   975.8296E-03     4.9600E-03     3.5652E-03    15.6459E-03
   291.6846E-03   979.4440E-03     4.2883E-03     2.9777E-03    13.2907E-03
   305.4794E-03   982.5319E-03     3.7558E-03     2.4812E-03    11.2319E-03
   319.6977E-03   985.1701E-03     3.3340E-03     2.0609E-03     9.4357E-03
   334.4300E-03   987.4231E-03     3.0005E-03     1.7051E-03     7.8721E-03
   349.7848E-03   989.3447E-03     2.7376E-03     1.4039E-03     6.5146E-03
   365.8955E-03   990.9804E-03     2.5310E-03     1.1492E-03     5.3400E-03
   382.8770E-03   992.3651E-03     2.3700E-03   934.8652E-06     4.3307E-03
   400.1804E-03   993.4897E-03     2.2497E-03   761.6858E-06     3.4996E-03
   417.7265E-03   994.3957E-03     2.1603E-03   622.7699E-06     2.8219E-03
   435.5110E-03   995.1233E-03     2.0940E-03   511.6101E-06     2.2718E-03
   453.5433E-03   995.7062E-03     2.0448E-03   422.8211E-06     1.8269E-03
   471.8443E-03   996.1723E-03     2.0082E-03   352.0085E-06     1.4681E-03
   490.4429E-03   996.5442E-03     1.9811E-03   295.6211E-06     1.1797E-03
   509.2890E-03   996.8392E-03     1.9610E-03   250.9794E-06   949.5066E-06
   528.1924E-03   997.0704E-03     1.9462E-03   216.0445E-06   768.0609E-06
   547.1539E-03   997.2515E-03     1.9353E-03   188.7103E-06   625.2194E-06
   566.2054E-03   997.3934E-03     1.9272E-03   167.2979E-06   512.7325E-06
   585.3875E-03   997.5049E-03     1.9212E-03   150.5066E-06   424.1196E-06
   604.7487E-03   997.5924E-03     1.9166E-03   137.3284E-06   354.3008E-06
   624.3469E-03   997.6612E-03     1.9132E-03   126.9810E-06   299.2925E-06
   644.2511E-03   997.7152E-03     1.9107E-03   118.8556E-06   255.9695E-06
   664.5435E-03   997.7576E-03     1.9087E-03   112.4780E-06   221.8777E-06
   685.3231E-03   997.7909E-03     1.9072E-03   107.4775E-06   195.0873E-06
   706.7114E-03   997.8169E-03     1.9061E-03   103.5635E-06   174.0773E-06
   728.8518E-03   997.8372E-03     1.9053E-03   100.5091E-06   157.6532E-06
   751.9206E-03   997.8530E-03     1.9046E-03    98.1354E-06   144.8702E-06
   776.1269E-03   997.8653E-03     1.9041E-03    96.3019E-06   134.9839E-06
   801.7307E-03   997.8746E-03     1.9038E-03    94.8974E-06   127.4018E-06
   829.0524E-03   997.8817E-03     1.9035E-03    93.8334E-06   121.6521E-06
   858.4905E-03   997.8870E-03     1.9033E-03    93.0392E-06   117.3568E-06
   890.5545E-03   997.8909E-03     1.9032E-03    92.4579E-06   114.2106E-06
   925.9161E-03   997.8936E-03     1.9031E-03    92.0432E-06   111.9640E-06
   965.4803E-03   997.8955E-03     1.9030E-03    91.7569E-06   110.4129E-06
     1.0105E+00   997.8968E-03     1.9029E-03    91.5680E-06   109.3884E-06
     1.0629E+00   997.8976E-03     1.9029E-03    91.4504E-06   108.7511E-06
     1.1255E+00   997.8980E-03     1.9029E-03    91.3832E-06   108.3864E-06
     1.2032E+00   997.8983E-03     1.9029E-03    91.3491E-06   108.2013E-06
     1.3049E+00   997.8984E-03     1.9029E-03    91.3348E-06   108.1234E-06
     1.4492E+00   997.8984E-03     1.9029E-03    91.3303E-06   108.0995E-06
     1.6656E+00   997.8984E-03     1.9029E-03    91.3296E-06   108.0956E-06
     1.9903E+00   997.8984E-03     1.9029E-03    91.3296E-06   108.0954E-06
     2.4774E+00   997.8984E-03     1.9029E-03    91.3296E-06   108.0954E-06
     3.2079E+00   997.8984E-03     1.9029E-03    91.3296E-06   108.0954E-06
     4.3037E+00   997.8984E-03     1.9029E-03    91.3296E-06   108.0954E-06
     5.9475E+00   997.8984E-03     1.9029E-03    91.3296E-06   108.0954E-06
     8.4131E+00   997.8984E-03     1.9029E-03    91.3296E-06   108.0954E-06
    12.1115E+00   997.8984E-03     1.9029E-03    91.3296E-06   108.0954E-06
    17.6591E+00   997.8984E-03     1.9029E-03    91.3296E-06   108.0954E-06
    20.0000E+00   997.8984E-03     1.9029E-03    91.3296E-06   108.0954E-06
