	time		Ca
    0.0000000000E+00    9.9999997172E-10    3.4920100006E-05
    1.0000000475E-03    9.9999997172E-10    3.5008662962E-05
    2.0000000950E-03    9.9999997172E-10    3.6578789150E-05
    3.0000000261E-03    2.4687900613E-09    3.5899127397E-05
    4.0000001900E-03    5.5919100461E-09    3.5394412407E-05
    4.9999998882E-03    1.0436400188E-08    3.5071418097E-05
    6.0000000522E-03    1.7232700600E-08    3.4965192754E-05
    7.0000002161E-03    2.6148800458E-08    3.5978933738E-05
    8.0000003800E-03    3.7298200084E-08    3.8962465624E-05
    8.9999996126E-03    5.0746301383E-08    4.4363790948E-05
    9.9999997765E-03    6.6517600317E-08    5.3131978348E-05
    1.0999999940E-02    8.4600699779E-08    6.5842687036E-05
    1.2000000104E-02    1.0495399749E-07    8.3917766460E-05
    1.3000000268E-02    1.2751000611E-07    1.0772213136E-04
    1.4000000432E-02    1.5217999305E-07    1.3890567061E-04
    1.4999999665E-02    1.7885699322E-07    1.7936658696E-04
    1.6000000760E-02    2.0742099593E-07    2.3011081794E-04
    1.7000000924E-02    2.3773800706E-07    2.9247396742E-04
    1.7999999225E-02    2.6966699807E-07    3.6615499994E-04
    1.8999999389E-02    3.0306199506E-07    4.5231732656E-04
    1.9999999553E-02    3.3776899500E-07    5.5262906244E-04
    2.0999999717E-02    3.7363500383E-07    6.6796032479E-04
    2.1999999881E-02    4.1050299160E-07    8.0035050632E-04
    2.3000000045E-02    4.4821999268E-07    9.4979983987E-04
    2.4000000209E-02    4.8663201824E-07    1.1199226137E-03
    2.5000000373E-02    5.2558897323E-07    1.3075821334E-03
    2.6000000536E-02    5.6494502587E-07    1.5163875651E-03
    2.7000000700E-02    6.0455602124E-07    1.7489873571E-03
    2.8000000864E-02    6.4428598989E-07    2.0042001270E-03
    2.8999999166E-02    6.8400299824E-07    2.2827708162E-03
    2.9999999329E-02    7.2358102443E-07    2.5882432237E-03
    3.0999999493E-02    7.6290001516E-07    2.9152273200E-03
    3.2000001520E-02    8.0184798890E-07    3.2656225376E-03
    3.2999999821E-02    8.4031699998E-07    3.6349445581E-03
    3.4000001848E-02    8.7820802719E-07    3.9947498590E-03
    3.5000000149E-02    9.1542801783E-07    4.3910518289E-03
    3.5999998450E-02    9.5189000149E-07    4.8121246509E-03
    3.7000000477E-02    9.8751502264E-07    5.2237920463E-03
    3.7999998778E-02    1.0222299807E-06    5.6557729840E-03
    3.9000000805E-02    1.0559699604E-06    6.1081326567E-03
    3.9999999106E-02    1.0886700466E-06    6.5811779350E-03
    4.1000001132E-02    1.1202799897E-06    7.0752948523E-03
    4.1999999434E-02    1.1507599993E-06    7.5905579142E-03
    4.3000001460E-02    1.1800500488E-06    8.1271585077E-03
    4.3999999762E-02    1.2081300156E-06    8.6853057146E-03
    4.5000001788E-02    1.2349499912E-06    9.2652104795E-03
    4.6000000089E-02    1.2605099755E-06    9.8667368293E-03
    4.6999998391E-02    1.2847699509E-06    1.0441215709E-02
    4.8000000417E-02    1.3077200265E-06    1.1032337323E-02
    4.8999998719E-02    1.3293499705E-06    1.1640024371E-02
    5.0000000745E-02    1.3496500060E-06    1.2302568182E-02
    5.0999999046E-02    1.3686100147E-06    1.2962725945E-02
    5.2000001073E-02    1.3862400010E-06    1.3621472754E-02
    5.2999999374E-02    1.4025399651E-06    1.4275541529E-02
    5.4000001401E-02    1.4175200249E-06    1.4943435788E-02
    5.4999999702E-02    1.4311799532E-06    1.5640696511E-02
    5.6000001729E-02    1.4435399862E-06    1.6367422417E-02
    5.7000000030E-02    1.4546200191E-06    1.7123633996E-02
    5.7999998331E-02    1.4644300563E-06    1.7909361050E-02
    5.9000000358E-02    1.4729899931E-06    1.8724516034E-02
    5.9999998659E-02    1.4803299564E-06    1.9502179697E-02
    6.1000000685E-02    1.4864599507E-06    2.0299149677E-02
    6.1999998987E-02    1.4914099893E-06    2.1115221083E-02
    6.3000001013E-02    1.4952099718E-06    2.1950490773E-02
    6.4000003040E-02    1.4978900253E-06    2.2804638371E-02
    6.4999997616E-02    1.4994800495E-06    2.3677935824E-02
    6.5999999642E-02    1.5000000531E-06    2.4570213631E-02
    6.7000001669E-02    1.4994900539E-06    2.5481568649E-02
    6.8000003695E-02    1.4979799516E-06    2.6391925290E-02
    6.8999998271E-02    1.4954899825E-06    2.7294378728E-02
    7.0000000298E-02    1.4920799458E-06    2.8188500553E-02
    7.1000002325E-02    1.4877499552E-06    2.9070092365E-02
    7.1999996901E-02    1.4825600374E-06    2.9948053882E-02
    7.2999998927E-02    1.4765299738E-06    3.0817078426E-02
    7.4000000954E-02    1.4697000097E-06    3.1682383269E-02
    7.5000002980E-02    1.4621000446E-06    3.2537110150E-02
    7.5999997556E-02    1.4537599782E-06    3.3388953656E-02
    7.6999999583E-02    1.4447200556E-06    3.4238930792E-02
    7.8000001609E-02    1.4350099491E-06    3.5086289048E-02
    7.9000003636E-02    1.4246600131E-06    3.5950891674E-02
    7.9999998212E-02    1.4137100379E-06    3.6834858358E-02
    8.1000000238E-02    1.4021800325E-06    3.7737838924E-02
    8.2000002265E-02    1.3901100147E-06    3.8659371436E-02
    8.2999996841E-02    1.3775299976E-06    3.9599038661E-02
    8.3999998868E-02    1.3644699948E-06    4.0556266904E-02
    8.5000000894E-02    1.3509600194E-06    4.1530773044E-02
    8.6000002921E-02    1.3370299712E-06    4.2521841824E-02
    8.6999997497E-02    1.3227099771E-06    4.3529272079E-02
    8.7999999523E-02    1.3080200461E-06    4.4552210718E-02
    8.9000001550E-02    1.2929899640E-06    4.5590318739E-02
    9.0000003576E-02    1.2776499716E-06    4.6642720699E-02
    9.0999998152E-02    1.2620199641E-06    4.7692265362E-02
    9.2000000179E-02    1.2461399592E-06    4.8747375607E-02
    9.3000002205E-02    1.2300199614E-06    4.9789451063E-02
    9.3999996781E-02    1.2136799796E-06    5.0828691572E-02
    9.4999998808E-02    1.1971600316E-06    5.1863644272E-02
    9.6000000834E-02    1.1804700080E-06    5.2898604423E-02
    9.7000002861E-02    1.1636300314E-06    5.3930032998E-02
    9.7999997437E-02    1.1466700016E-06    5.4960511625E-02
    9.8999999464E-02    1.1296000366E-06    5.5947966874E-02
    1.0000000149E-01    1.1124400316E-06    5.6922648102E-02
    1.0100000352E-01    1.0952200000E-06    5.7894997299E-02
    1.0199999809E-01    1.0779400554E-06    5.8850631118E-02
    1.0300000012E-01    1.0606399883E-06    5.9795718640E-02
    1.0400000215E-01    1.0433100215E-06    6.0728318989E-02
    1.0499999672E-01    1.0259899454E-06    6.1640821397E-02
    1.0599999875E-01    1.0086699831E-06    6.2549270689E-02
    1.0700000077E-01    9.9138799214E-07    6.3431642950E-02
    1.0800000280E-01    9.7414397260E-07    6.4308784902E-02
    1.0899999738E-01    9.5695304481E-07    6.5180189908E-02
    1.0999999940E-01    9.3982799854E-07    6.6027499735E-02
    1.1100000143E-01    9.2278099828E-07    6.6858462989E-02
    1.1200000346E-01    9.0582301482E-07    6.7685805261E-02
    1.1299999803E-01    8.8896297257E-07    6.8494342268E-02
    1.1400000006E-01    8.7221297917E-07    6.9284319878E-02
    1.1500000209E-01    8.5558002638E-07    7.0068411529E-02
    1.1599999666E-01    8.3907502813E-07    7.0828519762E-02
    1.1699999869E-01    8.2270400981E-07    7.1585573256E-02
    1.1800000072E-01    8.0647600953E-07    7.2317704558E-02
    1.1900000274E-01    7.9039699585E-07    7.3039695621E-02
    1.1999999732E-01    7.7447498370E-07    7.3755480349E-02
    1.2099999934E-01    7.5871599847E-07    7.4453242123E-02
    1.2200000137E-01    7.4312498555E-07    7.5140915811E-02
    1.2300000340E-01    7.2770802717E-07    7.5806990266E-02
    1.2399999797E-01    7.1247001188E-07    7.6461344957E-02
    1.2500000000E-01    6.9741400921E-07    7.7098146081E-02
    1.2600000203E-01    6.8254598773E-07    7.7724881470E-02
    1.2700000405E-01    6.6786799380E-07    7.8332550824E-02
    1.2800000608E-01    6.5338400645E-07    7.8932106495E-02
    1.2899999321E-01    6.3909698156E-07    7.9516306520E-02
    1.2999999523E-01    6.2501101183E-07    8.0087088048E-02
    1.3099999726E-01    6.1112598360E-07    8.0638758838E-02
    1.3199999928E-01    5.9744502323E-07    8.1185318530E-02
    1.3300000131E-01    5.8397000657E-07    8.1708058715E-02
    1.3400000334E-01    5.7070201365E-07    8.2221567631E-02
    1.3500000536E-01    5.5764201079E-07    8.2722902298E-02
    1.3600000739E-01    5.4479102118E-07    8.3204314113E-02
    1.3699999452E-01    5.3215001117E-07    8.3674341440E-02
    1.3799999654E-01    5.1972000392E-07    8.4127008915E-02
    1.3899999857E-01    5.0749997627E-07    8.4568552673E-02
    1.4000000060E-01    4.9548998504E-07    8.4991075099E-02
    1.4100000262E-01    4.8368997341E-07    8.5401631892E-02
    1.4200000465E-01    4.7210099297E-07    8.5797034204E-02
    1.4300000668E-01    4.6072000259E-07    8.6173683405E-02
    1.4399999380E-01    4.4954799705E-07    8.6533181369E-02
    1.4499999583E-01    4.3858298682E-07    8.6876891553E-02
    1.4599999785E-01    4.2782400556E-07    8.7200194597E-02
    1.4699999988E-01    4.1727099642E-07    8.7508082390E-02
    1.4800000191E-01    4.0692199832E-07    8.7792374194E-02
    1.4900000393E-01    3.9677399855E-07    8.8057994843E-02
    1.5000000596E-01    3.8682799186E-07    8.8302269578E-02
    1.5099999309E-01    3.7708099399E-07    8.8527746499E-02
    1.5199999511E-01    3.6753098698E-07    8.8728465140E-02
    1.5299999714E-01    3.5817600974E-07    8.8906645775E-02
    1.5399999917E-01    3.4901501067E-07    8.9053869247E-02
    1.5500000119E-01    3.4004500549E-07    8.9167974889E-02
    1.5600000322E-01    3.3126400467E-07    8.9249536395E-02
    1.5700000525E-01    3.2266999028E-07    8.9299120009E-02
    1.5800000727E-01    3.1426100122E-07    8.9317537844E-02
    1.5899999440E-01    3.0603399637E-07    8.9305497706E-02
    1.5999999642E-01    2.9798698620E-07    8.9263528585E-02
    1.6099999845E-01    2.9011800962E-07    8.9192241430E-02
    1.6200000048E-01    2.8242399708E-07    8.9092224836E-02
    1.6300000250E-01    2.7490199273E-07    8.8964208961E-02
    1.6400000453E-01    2.6755100180E-07    8.8808424771E-02
    1.6500000656E-01    2.6036698841E-07    8.8625095785E-02
    1.6599999368E-01    2.5334799147E-07    8.8415309787E-02
    1.6699999571E-01    2.4649199304E-07    8.8179059327E-02
    1.6799999774E-01    2.3979501407E-07    8.7916545570E-02
    1.6899999976E-01    2.3325499399E-07    8.7628670037E-02
    1.7000000179E-01    2.2687000012E-07    8.7315067649E-02
    1.7100000381E-01    2.2063700555E-07    8.6976759136E-02
    1.7200000584E-01    2.1455299759E-07    8.6613632739E-02
    1.7299999297E-01    2.0861600092E-07    8.6226239800E-02
    1.7399999499E-01    2.0282300284E-07    8.5814908147E-02
    1.7499999702E-01    1.9716999589E-07    8.5379175842E-02
    1.7599999905E-01    1.9165699428E-07    8.4920145571E-02
    1.7700000107E-01    1.8628000475E-07    8.4438391030E-02
    1.7800000310E-01    1.8103600041E-07    8.3933986723E-02
    1.7900000513E-01    1.7592400070E-07    8.3406753838E-02
    1.8000000715E-01    1.7093900340E-07    8.2857079804E-02
    1.8099999428E-01    1.6608099429E-07    8.2285650074E-02
    1.8199999630E-01    1.6134599434E-07    8.1692449749E-02
    1.8299999833E-01    1.5673100506E-07    8.1078119576E-02
    1.8400000036E-01    1.5223500327E-07    8.0442659557E-02
    1.8500000238E-01    1.4785500468E-07    7.9784594476E-02
    1.8600000441E-01    1.4358799660E-07    7.9103492200E-02
    1.8700000644E-01    1.3943299848E-07    7.8401878476E-02
    1.8799999356E-01    1.3538600285E-07    7.7676743269E-02
    1.8899999559E-01    1.3144500599E-07    7.6929382980E-02
    1.8999999762E-01    1.2760800416E-07    7.6158769429E-02
    1.9099999964E-01    1.2387299364E-07    7.5387179852E-02
    1.9200000167E-01    1.2023799911E-07    7.4576757848E-02
    1.9300000370E-01    1.1669899891E-07    7.3755145073E-02
    1.9400000572E-01    1.1325600013E-07    7.2970137000E-02
    1.9499999285E-01    1.0990500243E-07    7.2190821171E-02
    1.9599999487E-01    1.0664499683E-07    7.1368977427E-02
    1.9699999690E-01    1.0347400092E-07    7.0549875498E-02
    1.9799999893E-01    1.0038900200E-07    6.9741539657E-02
    1.9900000095E-01    9.7389296627E-08    6.8946182728E-02
    2.0000000298E-01    9.4471602097E-08    6.8180263042E-02
    2.0100000501E-01    9.1634497323E-08    6.7370876670E-02
    2.0200000703E-01    8.8875900417E-08    6.6611617804E-02
    2.0299999416E-01    8.6194098969E-08    6.5829873085E-02
    2.0399999619E-01    8.3587103461E-08    6.5084382892E-02
    2.0499999821E-01    8.1053102008E-08    6.4352348447E-02
    2.0600000024E-01    7.8590296937E-08    6.3618570566E-02
    2.0700000226E-01    7.6196997156E-08    6.2879912555E-02
    2.0800000429E-01    7.3871298412E-08    6.2141530216E-02
    2.0900000632E-01    7.1611701458E-08    6.1400230974E-02
    2.0999999344E-01    6.9416500992E-08    6.0660388321E-02
    2.1099999547E-01    6.7283899341E-08    5.9932928532E-02
    2.1199999750E-01    6.5212496736E-08    5.9221781790E-02
    2.1299999952E-01    6.3200701561E-08    5.8505535126E-02
    2.1400000155E-01    6.1246801408E-08    5.7809300721E-02
    2.1500000358E-01    5.9349499537E-08    5.7118508965E-02
    2.1600000560E-01    5.7507200779E-08    5.6414060295E-02
    2.1699999273E-01    5.5718498260E-08    5.5698566139E-02
    2.1799999475E-01    5.3981999315E-08    5.4994143546E-02
    2.1899999678E-01    5.2296300623E-08    5.4305113852E-02
    2.1999999881E-01    5.0660098339E-08    5.3617440164E-02
    2.2100000083E-01    4.9072099273E-08    5.2957270294E-02
    2.2200000286E-01    4.7530900105E-08    5.2292030305E-02
    2.2300000489E-01    4.6035300016E-08    5.1624149084E-02
    2.2400000691E-01    4.4584101744E-08    5.0955537707E-02
    2.2499999404E-01    4.3176001441E-08    5.0291135907E-02
    2.2599999607E-01    4.1809901319E-08    4.9638200551E-02
    2.2699999809E-01    4.0484700037E-08    4.8986636102E-02
    2.2800000012E-01    3.9199200330E-08    4.8340663314E-02
    2.2900000215E-01    3.7952300858E-08    4.7702595592E-02
    2.3000000417E-01    3.6742999754E-08    4.7069836408E-02
    2.3100000620E-01    3.5570199231E-08    4.6430755407E-02
    2.3199999332E-01    3.4432900975E-08    4.5809779316E-02
    2.3299999535E-01    3.3330199045E-08    4.5186560601E-02
    2.3399999738E-01    3.2260899729E-08    4.4568639249E-02
    2.3499999940E-01    3.1224200114E-08    4.3957304209E-02
    2.3600000143E-01    3.0219201363E-08    4.3348450214E-02
    2.3700000346E-01    2.9244999311E-08    4.2742859572E-02
    2.3800000548E-01    2.8300700450E-08    4.2138732970E-02
    2.3899999261E-01    2.7385400614E-08    4.1540615261E-02
    2.3999999464E-01    2.6498300443E-08    4.0948815644E-02
    2.4099999666E-01    2.5638700052E-08    4.0363453329E-02
    2.4199999869E-01    2.4805599352E-08    3.9783969522E-02
    2.4300000072E-01    2.3998399712E-08    3.9214093238E-02
    2.4400000274E-01    2.3216200518E-08    3.8643091917E-02
    2.4500000477E-01    2.2458500837E-08    3.8082502782E-02
    2.4600000679E-01    2.1724300581E-08    3.7517026067E-02
    2.4699999392E-01    2.1013200069E-08    3.6955792457E-02
    2.4799999595E-01    2.0324300465E-08    3.6404818296E-02
    2.4899999797E-01    1.9656999584E-08    3.5864215344E-02
    2.5000000000E-01    1.9010700569E-08    3.5322450101E-02
    2.5099998713E-01    1.8384799461E-08    3.4788183868E-02
    2.5200000405E-01    1.7778599926E-08    3.4259386361E-02
    2.5299999118E-01    1.7191700508E-08    3.3729199320E-02
    2.5400000811E-01    1.6623300070E-08    3.3196564764E-02
    2.5499999523E-01    1.6073000708E-08    3.2680813223E-02
    2.5600001216E-01    1.5540100762E-08    3.2161775976E-02
    2.5699999928E-01    1.5024300026E-08    3.1649474055E-02
    2.5799998641E-01    1.4524900394E-08    3.1138615683E-02
    2.5900000334E-01    1.4041400043E-08    3.0631663278E-02
    2.5999999046E-01    1.3573499658E-08    3.0138270929E-02
    2.6100000739E-01    1.3120599718E-08    2.9652893543E-02
    2.6199999452E-01    1.2682200179E-08    2.9163530096E-02
    2.6300001144E-01    1.2257899584E-08    2.8668697923E-02
    2.6399999857E-01    1.1847300030E-08    2.8196524829E-02
    2.6499998569E-01    1.1450000059E-08    2.7720754966E-02
    2.6600000262E-01    1.1065499628E-08    2.7249312028E-02
    2.6699998975E-01    1.0693500307E-08    2.6778114960E-02
    2.6800000668E-01    1.0333599754E-08    2.6316678151E-02
    2.6899999380E-01    9.9853396662E-09    2.5871923193E-02
    2.7000001073E-01    9.6484296108E-09    2.5427374989E-02
    2.7099999785E-01    9.3225001052E-09    2.4984898046E-02
    2.7200001478E-01    9.0072198589E-09    2.4542482570E-02
    2.7300000191E-01    8.7022398176E-09    2.4106660858E-02
    2.7399998903E-01    8.4072597772E-09    2.3672392592E-02
    2.7500000596E-01    8.1219395653E-09    2.3244548589E-02
    2.7599999309E-01    7.8460002939E-09    2.2815318778E-02
    2.7700001001E-01    7.5791399823E-09    2.2393561900E-02
    2.7799999714E-01    7.3210699725E-09    2.1967658773E-02
    2.7900001407E-01    7.0715100442E-09    2.1555369720E-02
    2.8000000119E-01    6.8301901912E-09    2.1152978763E-02
    2.8099998832E-01    6.5968501772E-09    2.0747931674E-02
    2.8200000525E-01    6.3712501941E-09    2.0344682038E-02
    2.8299999237E-01    6.1531300055E-09    1.9943175837E-02
    2.8400000930E-01    5.9422498033E-09    1.9547492266E-02
    2.8499999642E-01    5.7383902075E-09    1.9155330956E-02
    2.8600001335E-01    5.5413100775E-09    1.8771810457E-02
    2.8700000048E-01    5.3508100173E-09    1.8385872245E-02
    2.8799998760E-01    5.1666702028E-09    1.8004618585E-02
    2.8900000453E-01    4.9886899056E-09    1.7608385533E-02
    2.8999999166E-01    4.8166599598E-09    1.7177190632E-02
    2.9100000858E-01    4.6504000650E-09    1.6748784110E-02
    2.9199999571E-01    4.4897201512E-09    1.6306126490E-02
    2.9300001264E-01    4.3344399181E-09    1.5679808334E-02
    2.9399999976E-01    4.1843799536E-09    1.5086155385E-02
    2.9499998689E-01    4.0393799416E-09    1.4490975998E-02
    2.9600000381E-01    3.8992697959E-09    1.4039139263E-02
    2.9699999094E-01    3.7638900885E-09    1.3636698946E-02
    2.9800000787E-01    3.6330900510E-09    1.3212114573E-02
    2.9899999499E-01    3.5067100335E-09    1.2909891084E-02
    3.0000001192E-01    3.3846099257E-09    1.2578443624E-02
    3.0099999905E-01    3.2666600536E-09    1.2210139073E-02
    3.0199998617E-01    3.1527200850E-09    1.1841823347E-02
    3.0300000310E-01    3.0426499098E-09    1.1322492734E-02
    3.0399999022E-01    2.9363200760E-09    1.0979659855E-02
    3.0500000715E-01    2.8336200053E-09    1.0518615134E-02
    3.0599999428E-01    2.7344200237E-09    1.0219749995E-02
    3.0700001121E-01    2.6386099972E-09    9.7569655627E-03
    3.0799999833E-01    2.5460800135E-09    9.4788772985E-03
    3.0899998546E-01    2.4567199386E-09    9.0780565515E-03
    3.1000000238E-01    2.3704100904E-09    8.6852079257E-03
    3.1099998951E-01    2.2870700889E-09    8.3998916671E-03
    3.1200000644E-01    2.2065900218E-09    8.0737611279E-03
    3.1299999356E-01    2.1288699692E-09    7.9057049006E-03
    3.1400001049E-01    2.0538299950E-09    7.6505122706E-03
    3.1499999762E-01    1.9813799490E-09    7.2764116339E-03
    3.1600001454E-01    1.9114199112E-09    7.0014744997E-03
    3.1700000167E-01    1.8438800486E-09    6.6756652668E-03
    3.1799998879E-01    1.7786699891E-09    6.4372681081E-03
    3.1900000572E-01    1.7157100185E-09    6.1492524110E-03
    3.1999999285E-01    1.6549399628E-09    5.8601610363E-03
    3.2100000978E-01    1.5962700051E-09    5.6166909635E-03
    3.2199999690E-01    1.5396399711E-09    5.4371734150E-03
    3.2300001383E-01    1.4849700358E-09    5.1788459532E-03
    3.2400000095E-01    1.4322000252E-09    4.9794185907E-03
    3.2499998808E-01    1.3812699873E-09    4.8423944972E-03
    3.2600000501E-01    1.3321099779E-09    4.6854214743E-03
    3.2699999213E-01    1.2846700370E-09    4.4376887381E-03
    3.2800000906E-01    1.2388799986E-09    4.2331544682E-03
    3.2899999619E-01    1.1946900136E-09    4.0393085219E-03
    3.3000001311E-01    1.1520400189E-09    3.8468951825E-03
    3.3100000024E-01    1.1108800546E-09    3.6524464376E-03
    3.3199998736E-01    1.0711700416E-09    3.4705051221E-03
    3.3300000429E-01    1.0328500277E-09    3.3021816052E-03
    3.3399999142E-01    9.9999997172E-10    3.2342593186E-03
    3.3500000834E-01    9.9999997172E-10    3.1719543040E-03
    3.3599999547E-01    9.9999997172E-10    3.1108648982E-03
    3.3700001240E-01    9.9999997172E-10    3.0509545468E-03
    3.3799999952E-01    9.9999997172E-10    2.9922202229E-03
    3.3899998665E-01    9.9999997172E-10    2.9040221125E-03
    3.4000000358E-01    9.9999997172E-10    2.8781353030E-03
    3.4099999070E-01    9.9999997172E-10    2.8227609582E-03
    3.4200000763E-01    9.9999997172E-10    2.7435494121E-03
    3.4299999475E-01    9.9999997172E-10    2.7151992545E-03
    3.4400001168E-01    9.9999997172E-10    2.6289729867E-03
    3.4499999881E-01    9.9999997172E-10    2.6117879897E-03
    3.4599998593E-01    9.9999997172E-10    2.5615917984E-03
    3.4700000286E-01    9.9999997172E-10    2.4877598044E-03
    3.4799998999E-01    9.9999997172E-10    2.4640914053E-03
    3.4900000691E-01    9.9999997172E-10    2.4167657830E-03
    3.4999999404E-01    9.9999997172E-10    2.3467263673E-03
    3.5100001097E-01    9.9999997172E-10    2.3248440120E-03
    3.5199999809E-01    9.9999997172E-10    2.2802266758E-03
    3.5299998522E-01    9.9999997172E-10    2.2112904117E-03
    3.5400000215E-01    9.9999997172E-10    2.1935666446E-03
    3.5499998927E-01    9.9999997172E-10    2.1515053231E-03
    3.5600000620E-01    9.9999997172E-10    2.0900606178E-03
    3.5699999332E-01    9.9999997172E-10    2.0698038861E-03
    3.5800001025E-01    9.9999997172E-10    2.0301486365E-03
    3.5899999738E-01    9.9999997172E-10    1.9675958902E-03
    3.6000001431E-01    9.9999997172E-10    1.9531273283E-03
    3.6100000143E-01    9.9999997172E-10    1.9157443894E-03
    3.6199998856E-01    9.9999997172E-10    1.8570416141E-03
    3.6300000548E-01    9.9999997172E-10    1.8431319622E-03
    3.6399999261E-01    9.9999997172E-10    1.8078911817E-03
    3.6500000954E-01    9.9999997172E-10    1.7570644850E-03
    3.6599999666E-01    9.9999997172E-10    1.7394369934E-03
    3.6700001359E-01    9.9999997172E-10    1.7062142724E-03
    3.6800000072E-01    9.9999997172E-10    1.6563790850E-03
    3.6899998784E-01    9.9999997172E-10    1.6416830476E-03
    3.7000000477E-01    9.9999997172E-10    1.6103615053E-03
    3.7099999189E-01    9.9999997172E-10    1.5581940534E-03
    3.7200000882E-01    9.9999997172E-10    1.5495277476E-03
    3.7299999595E-01    9.9999997172E-10    1.5200019116E-03
    3.7400001287E-01    9.9999997172E-10    1.4910403406E-03
    3.7500000000E-01    9.9999997172E-10    1.4485213906E-03
    3.7599998713E-01    9.9999997172E-10    1.4348152326E-03
    3.7700000405E-01    9.9999997172E-10    1.4075223589E-03
    3.7799999118E-01    9.9999997172E-10    1.3807557989E-03
    3.7900000811E-01    9.9999997172E-10    1.3545171823E-03
    3.7999999523E-01    9.9999997172E-10    1.3122756500E-03
    3.8100001216E-01    9.9999997172E-10    1.3035525335E-03
    3.8199999928E-01    9.9999997172E-10    1.2788175372E-03
    3.8299998641E-01    9.9999997172E-10    1.2545572827E-03
    3.8400000334E-01    9.9999997172E-10    1.2142334599E-03
    3.8499999046E-01    9.9999997172E-10    1.2074543629E-03
    3.8600000739E-01    9.9999997172E-10    1.1845910922E-03
    3.8699999452E-01    9.9999997172E-10    1.1454523774E-03
    3.8800001144E-01    9.9999997172E-10    1.1401843512E-03
    3.8899999857E-01    9.9999997172E-10    1.1186315678E-03
    3.8999998569E-01    9.9999997172E-10    1.0974925244E-03
    3.9100000262E-01    9.9999997172E-10    1.0626929579E-03
    3.9199998975E-01    9.9999997172E-10    1.0564516997E-03
    3.9300000668E-01    9.9999997172E-10    1.0365322232E-03
    3.9399999380E-01    9.9999997172E-10    1.0038224282E-03
    3.9500001073E-01    9.9999997172E-10    9.9783972837E-04
    3.9599999785E-01    9.9999997172E-10    9.7906007431E-04
    3.9700001478E-01    9.9999997172E-10    9.6064311219E-04
    3.9800000191E-01    9.9999997172E-10    9.4258971512E-04
    3.9899998903E-01    9.9999997172E-10    9.2488207156E-04
    4.0000000596E-01    9.9999997172E-10    8.9646509150E-04
    4.0099999309E-01    9.9999997172E-10    8.9050538372E-04
    4.0200001001E-01    9.9999997172E-10    8.7381736375E-04
    4.0299999714E-01    9.9999997172E-10    8.5745280376E-04
    4.0400001407E-01    9.9999997172E-10    8.4141100524E-04
    4.0500000119E-01    9.9999997172E-10    8.2567287609E-04
    4.0599998832E-01    9.9999997172E-10    8.0342590809E-04
    4.0700000525E-01    9.9999997172E-10    7.9512817319E-04
    4.0799999237E-01    9.9999997172E-10    7.8030163422E-04
    4.0900000930E-01    9.9999997172E-10    7.6575420098E-04
    4.0999999642E-01    9.9999997172E-10    7.4619468069E-04
    4.1100001335E-01    9.9999997172E-10    7.3752354365E-04
    4.1200000048E-01    9.9999997172E-10    7.2381796781E-04
    4.1299998760E-01    9.9999997172E-10    7.1037956513E-04
    4.1400000453E-01    9.9999997172E-10    6.9720030297E-04
    4.1499999166E-01    9.9999997172E-10    6.8428594386E-04
    4.1600000858E-01    9.9999997172E-10    6.6572928336E-04
    4.1699999571E-01    9.9999997172E-10    6.5919186454E-04
    4.1800001264E-01    9.9999997172E-10    6.4701307565E-04
    4.1899999976E-01    9.9999997172E-10    6.3507392770E-04
    4.1999998689E-01    9.9999997172E-10    6.2336132396E-04
    4.2100000381E-01    9.9999997172E-10    6.0493656201E-04
    4.2199999094E-01    9.9999997172E-10    6.0062733246E-04
    4.2300000787E-01    9.9999997172E-10    5.8959174203E-04
    4.2399999499E-01    9.9999997172E-10    5.7876942446E-04
    4.2500001192E-01    9.9999997172E-10    5.6816189317E-04
    4.2599999905E-01    9.9999997172E-10    5.5024295580E-04
    4.2699998617E-01    9.9999997172E-10    5.4755574092E-04
    4.2800000310E-01    9.9999997172E-10    5.3755327826E-04
    4.2899999022E-01    9.9999997172E-10    5.2774947835E-04
    4.3000000715E-01    9.9999997172E-10    5.1812775200E-04
    4.3099999428E-01    9.9999997172E-10    5.0440983614E-04
    4.3200001121E-01    9.9999997172E-10    4.9945950741E-04
    4.3299999833E-01    9.9999997172E-10    4.9039802980E-04
    4.3399998546E-01    9.9999997172E-10    4.8150762450E-04
    4.3500000238E-01    9.9999997172E-10    4.6658565407E-04
    4.3599998951E-01    9.9999997172E-10    4.6425274923E-04
    4.3700000644E-01    9.9999997172E-10    4.5587759814E-04
    4.3799999356E-01    9.9999997172E-10    4.4765905477E-04
    4.3900001049E-01    9.9999997172E-10    4.3562857900E-04
    4.3999999762E-01    9.9999997172E-10    4.3171254219E-04
    4.4100001454E-01    9.9999997172E-10    4.2397054494E-04
    4.4200000167E-01    9.9999997172E-10    4.1637796676E-04
    4.4299998879E-01    9.9999997172E-10    4.0893978439E-04
    4.4400000572E-01    9.9999997172E-10    3.9769292925E-04
    4.4499999285E-01    9.9999997172E-10    3.9448190364E-04
    4.4600000978E-01    9.9999997172E-10    3.8746924838E-04
    4.4699999690E-01    9.9999997172E-10    3.8058453356E-04
    4.4800001383E-01    9.9999997172E-10    3.7007607170E-04
    4.4900000095E-01    9.9999997172E-10    3.6722977529E-04
    4.4999998808E-01    9.9999997172E-10    3.6074398668E-04
    4.5100000501E-01    9.9999997172E-10    3.5439210478E-04
    4.5199999213E-01    9.9999997172E-10    3.4536348539E-04
    4.5300000906E-01    9.9999997172E-10    3.4204230178E-04
    4.5399999619E-01    9.9999997172E-10    3.3605183125E-04
    4.5500001311E-01    9.9999997172E-10    3.3017047099E-04
    4.5600000024E-01    9.9999997172E-10    3.2149432809E-04
    4.5699998736E-01    9.9999997172E-10    3.1876409776E-04
    4.5800000429E-01    9.9999997172E-10    3.1322852010E-04
    4.5899999142E-01    9.9999997172E-10    3.0389116728E-04
    4.6000000834E-01    9.9999997172E-10    3.0247116229E-04
    4.6099999547E-01    9.9999997172E-10    2.9725203058E-04
    4.6200001240E-01    9.9999997172E-10    2.9212658410E-04
    4.6299999952E-01    9.9999997172E-10    2.8513910365E-04
    4.6399998665E-01    9.9999997172E-10    2.8219146770E-04
    4.6500000358E-01    9.9999997172E-10    2.7736619813E-04
    4.6599999070E-01    9.9999997172E-10    2.7263819356E-04
    4.6700000763E-01    9.9999997172E-10    2.6799234911E-04
    4.6799999475E-01    9.9999997172E-10    2.6145146694E-04
    4.6900001168E-01    9.9999997172E-10    2.5898939930E-04
    4.6999999881E-01    9.9999997172E-10    2.5461724726E-04
    4.7099998593E-01    9.9999997172E-10    2.5033045677E-04
    4.7200000286E-01    9.9999997172E-10    2.4612384732E-04
    4.7299998999E-01    9.9999997172E-10    2.3903691908E-04
    4.7400000691E-01    9.9999997172E-10    2.3796352616E-04
    4.7499999404E-01    9.9999997172E-10    2.3400125792E-04
    4.7600001097E-01    9.9999997172E-10    2.3011643498E-04
    4.7699999809E-01    9.9999997172E-10    2.2630492458E-04
    4.7799998522E-01    9.9999997172E-10    2.1954393014E-04
    4.7900000215E-01    9.9999997172E-10    2.1891020879E-04
    4.7999998927E-01    9.9999997172E-10    2.1532038227E-04
    4.8100000620E-01    9.9999997172E-10    2.1179769828E-04
    4.8199999332E-01    9.9999997172E-10    2.0835023315E-04
    4.8300001025E-01    9.9999997172E-10    2.0274694543E-04
    4.8399999738E-01    9.9999997172E-10    2.0164439047E-04
    4.8500001431E-01    9.9999997172E-10    1.9839340530E-04
    4.8600000143E-01    9.9999997172E-10    1.9519765920E-04
    4.8699998856E-01    9.9999997172E-10    1.9029503164E-04
    4.8800000548E-01    9.9999997172E-10    1.8900645955E-04
    4.8899999261E-01    9.9999997172E-10    1.8600089243E-04
    4.9000000954E-01    9.9999997172E-10    1.8305059348E-04
    4.9099999666E-01    9.9999997172E-10    1.8016256217E-04
    4.9200001359E-01    9.9999997172E-10    1.7732438573E-04
    4.9300000072E-01    9.9999997172E-10    1.7247204960E-04
    4.9399998784E-01    9.9999997172E-10    1.7182214651E-04
    4.9500000477E-01    9.9999997172E-10    1.6915130254E-04
    4.9599999189E-01    9.9999997172E-10    1.6653217608E-04
    4.9700000882E-01    9.9999997172E-10    1.6396158026E-04
    4.9799999595E-01    9.9999997172E-10    1.6144546680E-04
    4.9900001287E-01    9.9999997172E-10    1.5897117555E-04
    5.0000000000E-01    9.9999997172E-10    1.5538770822E-04
    5.0099998713E-01    9.9999997172E-10    1.5418072871E-04
    5.0199997425E-01    9.9999997172E-10    1.5185312077E-04
    5.0300002098E-01    9.9999997172E-10    1.4957474195E-04
    5.0400000811E-01    9.9999997172E-10    1.4598370763E-04
    5.0499999523E-01    9.9999997172E-10    1.4514084614E-04
    5.0599998236E-01    9.9999997172E-10    1.4298890892E-04
    5.0700002909E-01    9.9999997172E-10    1.4088208263E-04
    5.0800001621E-01    9.9999997172E-10    1.3880949700E-04
    5.0900000334E-01    9.9999997172E-10    1.3569626026E-04
    5.0999999046E-01    9.9999997172E-10    1.3479772315E-04
    5.1099997759E-01    9.9999997172E-10    1.3284791203E-04
    5.1200002432E-01    9.9999997172E-10    1.3093875896E-04
    5.1300001144E-01    9.9999997172E-10    1.2905921903E-04
    5.1399999857E-01    9.9999997172E-10    1.2625200907E-04
    5.1499998569E-01    9.9999997172E-10    1.2542502373E-04
    5.1599997282E-01    9.9999997172E-10    1.2365814473E-04
    5.1700001955E-01    9.9999997172E-10    1.2192814029E-04
    5.1800000668E-01    9.9999997172E-10    1.2022595183E-04
    5.1899999380E-01    9.9999997172E-10    1.1769535922E-04
    5.1999998093E-01    9.9999997172E-10    1.1693179113E-04
    5.2100002766E-01    9.9999997172E-10    1.1533261568E-04
    5.2200001478E-01    9.9999997172E-10    1.1376109615E-04
    5.2300000191E-01    9.9999997172E-10    1.1222543253E-04
    5.2399998903E-01    9.9999997172E-10    1.1071209883E-04
    5.2499997616E-01    9.9999997172E-10    1.0830904648E-04
    5.2600002289E-01    9.9999997172E-10    1.0778591241E-04
    5.2700001001E-01    9.9999997172E-10    1.0636200750E-04
    5.2799999714E-01    9.9999997172E-10    1.0497280164E-04
    5.2899998426E-01    9.9999997172E-10    1.0293397645E-04
    5.2999997139E-01    9.9999997172E-10    1.0226233280E-04
    5.3100001812E-01    9.9999997172E-10    1.0094599565E-04
    5.3200000525E-01    9.9999997172E-10    9.9662691355E-05
    5.3299999237E-01    9.9999997172E-10    9.7761068901E-05
    5.3399997950E-01    9.9999997172E-10    9.7155942058E-05
    5.3500002623E-01    9.9999997172E-10    9.5943039923E-05
    5.3600001335E-01    9.9999997172E-10    9.4749404525E-05
    5.3700000048E-01    9.9999997172E-10    9.3585666036E-05
    5.3799998760E-01    9.9999997172E-10    9.1660265753E-05
    5.3899997473E-01    9.9999997172E-10    9.1315698228E-05
    5.4000002146E-01    9.9999997172E-10    9.0215122327E-05
    5.4100000858E-01    9.9999997172E-10    8.9134897280E-05
    5.4199999571E-01    9.9999997172E-10    8.8079556008E-05
    5.4299998283E-01    9.9999997172E-10    8.7037129560E-05
    5.4400002956E-01    9.9999997172E-10    8.5441002739E-05
    5.4500001669E-01    9.9999997172E-10    8.5026782472E-05
    5.4600000381E-01    9.9999997172E-10    8.4047271230E-05
    5.4699999094E-01    9.9999997172E-10    8.3092068962E-05
    5.4799997807E-01    9.9999997172E-10    8.2147089415E-05
    5.4900002480E-01    9.9999997172E-10    8.0631463788E-05
    5.5000001192E-01    9.9999997172E-10    8.0323552538E-05
    5.5099999905E-01    9.9999997172E-10    7.9441357229E-05
    5.5199998617E-01    9.9999997172E-10    7.8065088019E-05
    5.5299997330E-01    9.9999997172E-10    7.7717711974E-05
    5.5400002003E-01    9.9999997172E-10    7.6883392467E-05
    5.5500000715E-01    9.9999997172E-10    7.6061289292E-05
    5.5599999428E-01    9.9999997172E-10    7.4660973041E-05
    5.5699998140E-01    9.9999997172E-10    7.4472518463E-05
    5.5800002813E-01    9.9999997172E-10    7.3704693932E-05
    5.5900001526E-01    9.9999997172E-10    7.2433482273E-05
    5.6000000238E-01    9.9999997172E-10    7.2202448791E-05
    5.6099998951E-01    9.9999997172E-10    7.1475609730E-05
    5.6199997663E-01    9.9999997172E-10    7.0761292591E-05
    5.6300002337E-01    9.9999997172E-10    7.0062131272E-05
    5.6400001049E-01    9.9999997172E-10    6.9375710154E-05
    5.6499999762E-01    9.9999997172E-10    6.8703549914E-05
    5.6599998474E-01    9.9999997172E-10    6.8043234933E-05
    5.6699997187E-01    9.9999997172E-10    6.7399596446E-05
    5.6800001860E-01    9.9999997172E-10    6.6760840127E-05
    5.6900000572E-01    9.9999997172E-10    6.5728818299E-05
    5.6999999285E-01    9.9999997172E-10    6.5533386078E-05
    5.7099997997E-01    9.9999997172E-10    6.4936451963E-05
    5.7200002670E-01    9.9999997172E-10    6.4349289460E-05
    5.7300001383E-01    9.9999997172E-10    6.3775987655E-05
    5.7400000095E-01    9.9999997172E-10    6.3211402448E-05
    5.7499998808E-01    9.9999997172E-10    6.2662300479E-05
    5.7599997520E-01    9.9999997172E-10    6.2115948822E-05
    5.7700002193E-01    9.9999997172E-10    6.1260230723E-05
    5.7800000906E-01    9.9999997172E-10    6.1067818024E-05
    5.7899999619E-01    9.9999997172E-10    6.0558348196E-05
    5.7999998331E-01    9.9999997172E-10    6.0053971538E-05
    5.8099997044E-01    9.9999997172E-10    5.9310485085E-05
    5.8200001717E-01    9.9999997172E-10    5.9086385590E-05
    5.8300000429E-01    9.9999997172E-10    5.8613582951E-05
    5.8399999142E-01    9.9999997172E-10    5.8154877479E-05
    5.8499997854E-01    9.9999997172E-10    5.7696579461E-05
    5.8600002527E-01    9.9999997172E-10    5.6943630625E-05
    5.8700001240E-01    9.9999997172E-10    5.6818305893E-05
    5.8799999952E-01    9.9999997172E-10    5.6392727856E-05
    5.8899998665E-01    9.9999997172E-10    5.5970507674E-05
    5.8999997377E-01    9.9999997172E-10    5.5270887970E-05
    5.9100002050E-01    9.9999997172E-10    5.5160078773E-05
    5.9200000763E-01    9.9999997172E-10    5.4764801462E-05
    5.9299999475E-01    9.9999997172E-10    5.4380281654E-05
    5.9399998188E-01    9.9999997172E-10    5.3731655498E-05
    5.9500002861E-01    9.9999997172E-10    5.3626361478E-05
    5.9600001574E-01    9.9999997172E-10    5.3258620028E-05
    5.9700000286E-01    9.9999997172E-10    5.2904550103E-05
    5.9799998999E-01    9.9999997172E-10    5.2305589634E-05
    5.9899997711E-01    9.9999997172E-10    5.2207309636E-05
