 header
 1           76
           1   1.772996    
           2   2.182587    
           3   2.584258    
           4   3.015548    
           5   3.457362    
           6   3.909492    
           7   4.416093    
           8   4.871986    
           9   5.354789    
          10   5.871465    
          11   6.390635    
          12   6.987514    
          13   7.575940    
          14   8.163781    
          15   8.773339    
          16   9.515358    
          17   10.04867    
          18   10.74315    
          19   11.46569    
          20   12.15804    
          21   12.87409    
          22   13.59872    
          23   14.38922    
          24   15.19316    
          25   16.00667    
          26   16.74473    
          27   17.71660    
          28   18.41488    
          29   19.23440    
          30   20.20867    
          31   21.12197    
          32   21.94147    
          33   23.00328    
          34   23.81516    
          35   24.72582    
          36   25.68147    
          37   26.76833    
          38   27.48956    
          39   28.78936    
          40   29.62709    
          41   30.41064    
          42   31.51793    
          43   32.71924    
          44   33.74380    
          45   34.43105    
          46   35.79533    
          47   36.57462    
          48   37.41317    
          49   38.77337    
          50   39.60778    
          51   40.13406    
          52   41.28234    
          53   42.06816    
          54   42.87009    
          55   43.37104    
          56   44.03044    
          57   44.19706    
          58   44.49966    
          59   44.76956    
          60   44.85246    
          61   45.15049    
          62   45.13368    
          63   44.90233    
          64   45.04231    
          65   45.26597    
          66   45.10289    
          67   44.55006    
          68   45.04309    
          69   45.02820    
          70   45.09345    
          71   45.19078    
          72   45.17025    
          73   44.96353    
          74   44.45271    
          75   45.00243    
          76   44.74965    
