  2.2100000E-02          50         990         110
            1.0            3.0            1.7
            5.0            9.0            3.0
            3.0            3.0            1.7
            2.0            2.0            1.4
            2.0            2.0            1.4
            4.0            5.0            2.2
            2.0            7.0            2.6
            2.0            4.0            2.0
            0.0            4.0            2.0
            2.0            6.0            2.4
            3.0            5.0            2.2
            2.0            4.0            2.0
            2.0            6.0            2.4
            0.0            3.0            1.7
            1.0            0.0    100000000.0
            0.0            7.0            2.6
            4.0            4.0            2.0
            0.0            6.0            2.4
            0.0            4.0            2.0
            0.0            3.0            1.7
            4.0            6.0            2.4
            2.0            3.0            1.7
            0.0            3.0            1.7
            2.0            5.0            2.2
            2.0            3.0            1.7
            4.0            7.0            2.6
            0.0            7.0            2.6
            4.0            3.0            1.7
            2.0            3.0            1.7
            6.0            3.0            1.7
            0.0            5.0            2.2
            2.0            6.0            2.4
            3.0            9.0            3.0
            2.0            5.0            2.2
            2.0            3.0            1.7
            5.0            5.0            2.2
            3.0            1.0            1.0
            0.0            5.0            2.2
            1.0            7.0            2.6
            4.0            9.0            3.0
            1.0            5.0            2.2
            2.0            4.0            2.0
            1.0            6.0            2.4
            1.0            2.0            1.4
            2.0            4.0            2.0
            0.0            3.0            1.7
            1.0            6.0            2.4
            0.0            5.0            2.2
            1.0            5.0            2.2
            6.0            2.0            1.4
            1.0            8.0            2.8
            1.0            5.0            2.2
            2.0            6.0            2.4
            3.0           10.0            3.2
            4.0            9.0            3.0
            1.0            4.0            2.0
            4.0            2.0            1.4
            4.0            3.0            1.7
            3.0            2.0            1.4
            3.0            4.0            2.0
            0.0            3.0            1.7
            4.0            8.0            2.8
            4.0            1.0            1.0
            2.0            7.0            2.6
            3.0            6.0            2.4
            1.0            5.0            2.2
            3.0            2.0            1.4
            1.0            5.0            2.2
            4.0            8.0            2.8
            4.0            5.0            2.2
            7.0            1.0            1.0
            3.0            7.0            2.6
            4.0            9.0            3.0
            7.0            4.0            2.0
            2.0            9.0            3.0
            5.0            9.0            3.0
            2.0            6.0            2.4
            2.0            5.0            2.2
            5.0            5.0            2.2
            9.0            7.0            2.6
            7.0            9.0            3.0
           15.0           10.0            3.2
           13.0            6.0            2.4
           24.0            6.0            2.4
           49.0           15.0            3.9
           71.0           16.0            4.0
          111.0           19.0            4.4
          162.0           18.0            4.2
          251.0           34.0            5.8
          323.0           55.0            7.4
          509.0           98.0            9.9
          662.0          117.0           10.8
          883.0          136.0           11.7
         1088.0          181.0           13.5
         1479.0          253.0           15.9
         1698.0          367.0           19.2
         2227.0          453.0           21.3
         2606.0          585.0           24.2
         3252.0          736.0           27.1
         3722.0          910.0           30.2
         4463.0         1170.0           34.2
         5300.0         1376.0           37.1
         6320.0         1608.0           40.1
         7178.0         1959.0           44.3
         8386.0         2313.0           48.1
         9583.0         2598.0           51.0
        10617.0         3053.0           55.3
        11718.0         3668.0           60.6
        12713.0         4094.0           64.0
        13495.0         4459.0           66.8
        14122.0         5235.0           72.4
        14330.0         5581.0           74.7
        14453.0         6136.0           78.3
        14227.0         6681.0           81.7
        13772.0         6925.0           83.2
        12979.0         7220.0           85.0
        11942.0         7731.0           87.9
        10770.0         7752.0           88.0
         9592.0         8365.0           91.5
         8279.0         8338.0           91.3
         7074.0         8677.0           93.2
         5908.0         8302.0           91.1
         4808.0         8345.0           91.4
         3837.0         8159.0           90.3
         3036.0         8249.0           90.8
         2335.0         8078.0           89.9
         1751.0         7829.0           88.5
         1396.0         7739.0           88.0
          987.0         7690.0           87.7
          753.0         7397.0           86.0
          616.0         7332.0           85.6
          439.0         6964.0           83.5
          335.0         6847.0           82.7
          258.0         6687.0           81.8
          232.0         6601.0           81.2
          183.0         6307.0           79.4
          160.0         6237.0           79.0
          131.0         6038.0           77.7
          120.0         6102.0           78.1
          115.0         5889.0           76.7
          100.0         5728.0           75.7
           85.0         5791.0           76.1
           93.0         5535.0           74.4
           89.0         5353.0           73.2
           72.0         5422.0           73.6
           86.0         5212.0           72.2
           79.0         5230.0           72.3
           66.0         4888.0           69.9
           73.0         4975.0           70.5
           49.0         4783.0           69.2
           69.0         4855.0           69.7
           73.0         4714.0           68.7
           80.0         4654.0           68.2
           64.0         4568.0           67.6
           62.0         4537.0           67.4
           61.0         4377.0           66.2
           66.0         4402.0           66.3
           67.0         4343.0           65.9
           51.0         4191.0           64.7
           52.0         4208.0           64.9
           60.0         4249.0           65.2
           49.0         4088.0           63.9
           59.0         3998.0           63.2
           51.0         3987.0           63.1
           45.0         3974.0           63.0
           59.0         3874.0           62.2
           55.0         3824.0           61.8
           51.0         3875.0           62.2
           39.0         3816.0           61.8
           57.0         3700.0           60.8
           38.0         3617.0           60.1
           40.0         3686.0           60.7
           45.0         3598.0           60.0
           45.0         3458.0           58.8
           46.0         3518.0           59.3
           48.0         3478.0           59.0
           45.0         3352.0           57.9
           59.0         3312.0           57.5
           46.0         3309.0           57.5
           51.0         3229.0           56.8
           56.0         3261.0           57.1
           42.0         3203.0           56.6
           51.0         3098.0           55.7
           59.0         3066.0           55.4
           53.0         3095.0           55.6
           67.0         3171.0           56.3
           42.0         2952.0           54.3
           38.0         3028.0           55.0
           46.0         2985.0           54.6
           33.0         2987.0           54.7
           43.0         2885.0           53.7
           36.0         2821.0           53.1
           43.0         2802.0           52.9
           43.0         2814.0           53.0
           31.0         2872.0           53.6
           47.0         2713.0           52.1
           34.0         2693.0           51.9
           37.0         2618.0           51.2
           34.0         2666.0           51.6
           38.0         2536.0           50.4
           32.0         2549.0           50.5
           28.0         2534.0           50.3
           41.0         2601.0           51.0
           28.0         2504.0           50.0
           29.0         2486.0           49.9
           25.0         2522.0           50.2
           29.0         2399.0           49.0
           25.0         2400.0           49.0
           37.0         2412.0           49.1
           35.0         2314.0           48.1
           33.0         2330.0           48.3
           28.0         2277.0           47.7
           29.0         2244.0           47.4
           25.0         2196.0           46.9
           23.0         2156.0           46.4
           19.0         2126.0           46.1
           32.0         2115.0           46.0
           32.0         2174.0           46.6
           23.0         2135.0           46.2
           17.0         2171.0           46.6
           28.0         2057.0           45.4
           30.0         2140.0           46.3
           15.0         2080.0           45.6
           17.0         2059.0           45.4
           32.0         2014.0           44.9
           35.0         1989.0           44.6
           23.0         2014.0           44.9
           24.0         1921.0           43.8
           20.0         1919.0           43.8
           21.0         1946.0           44.1
           23.0         1879.0           43.3
           21.0         1916.0           43.8
           21.0         1875.0           43.3
           21.0         1761.0           42.0
           14.0         1822.0           42.7
            8.0         1916.0           43.8
           14.0         1903.0           43.6
           10.0         1829.0           42.8
           18.0         1755.0           41.9
            6.0         1706.0           41.3
           12.0         1724.0           41.5
           10.0         1697.0           41.2
           14.0         1790.0           42.3
            8.0         1650.0           40.6
           14.0         1684.0           41.0
            9.0         1630.0           40.4
           12.0         1686.0           41.1
            8.0         1585.0           39.8
            8.0         1625.0           40.3
           11.0         1570.0           39.6
            9.0         1573.0           39.7
           12.0         1529.0           39.1
            9.0         1608.0           40.1
            9.0         1464.0           38.3
            7.0         1586.0           39.8
            6.0         1535.0           39.2
           12.0         1534.0           39.2
            5.0         1511.0           38.9
            7.0         1456.0           38.2
            9.0         1418.0           37.7
            6.0         1416.0           37.6
            8.0         1432.0           37.8
            9.0         1435.0           37.9
            9.0         1460.0           38.2
            8.0         1369.0           37.0
           12.0         1431.0           37.8
            2.0         1375.0           37.1
           11.0         1384.0           37.2
            4.0         1342.0           36.6
            6.0         1348.0           36.7
            7.0         1417.0           37.6
            5.0         1360.0           36.9
            4.0         1382.0           37.2
            7.0         1325.0           36.4
            9.0         1313.0           36.2
           12.0         1268.0           35.6
            7.0         1191.0           34.5
            5.0         1275.0           35.7
            4.0         1261.0           35.5
            6.0         1234.0           35.1
           11.0         1230.0           35.1
           15.0         1260.0           35.5
            8.0         1161.0           34.1
            5.0         1195.0           34.6
            4.0         1179.0           34.3
            5.0         1243.0           35.3
           14.0         1141.0           33.8
           13.0         1071.0           32.7
           12.0         1193.0           34.5
           12.0         1195.0           34.6
            6.0         1113.0           33.4
           13.0         1106.0           33.3
            4.0         1159.0           34.0
            5.0         1102.0           33.2
           16.0         1141.0           33.8
            6.0         1117.0           33.4
           10.0         1136.0           33.7
           10.0         1095.0           33.1
           10.0         1052.0           32.4
            7.0         1082.0           32.9
           10.0         1064.0           32.6
           11.0         1032.0           32.1
            6.0         1015.0           31.9
           14.0         1033.0           32.1
            8.0         1086.0           33.0
           11.0          997.0           31.6
           11.0         1027.0           32.0
           12.0         1077.0           32.8
            9.0          957.0           30.9
           17.0         1000.0           31.6
           10.0          963.0           31.0
           20.0          984.0           31.4
           15.0          966.0           31.1
           14.0          968.0           31.1
           14.0          913.0           30.2
           12.0          936.0           30.6
           16.0          916.0           30.3
           15.0          888.0           29.8
           17.0          945.0           30.7
           21.0          910.0           30.2
           19.0          966.0           31.1
           23.0          882.0           29.7
           26.0          920.0           30.3
           21.0          888.0           29.8
           14.0          944.0           30.7
           17.0          921.0           30.3
           19.0          858.0           29.3
           20.0          833.0           28.9
           19.0          851.0           29.2
           21.0          876.0           29.6
           24.0          858.0           29.3
           23.0          860.0           29.3
           30.0          846.0           29.1
           22.0          860.0           29.3
           18.0          843.0           29.0
           24.0          831.0           28.8
           27.0          837.0           28.9
           28.0          790.0           28.1
           24.0          813.0           28.5
           29.0          771.0           27.8
           21.0          798.0           28.2
           22.0          816.0           28.6
           27.0          791.0           28.1
           18.0          790.0           28.1
           28.0          801.0           28.3
           26.0          799.0           28.3
           27.0          712.0           26.7
           22.0          801.0           28.3
           28.0          781.0           27.9
           20.0          761.0           27.6
           24.0          754.0           27.5
           28.0          783.0           28.0
           18.0          740.0           27.2
           19.0          783.0           28.0
           13.0          711.0           26.7
           24.0          716.0           26.8
           19.0          730.0           27.0
           22.0          738.0           27.2
           17.0          718.0           26.8
           18.0          701.0           26.5
           13.0          699.0           26.4
           14.0          707.0           26.6
            9.0          754.0           27.5
           13.0          684.0           26.2
            7.0          665.0           25.8
           13.0          711.0           26.7
           10.0          698.0           26.4
           11.0          711.0           26.7
           14.0          663.0           25.7
            7.0          627.0           25.0
           12.0          676.0           26.0
            8.0          641.0           25.3
           16.0          685.0           26.2
           15.0          638.0           25.3
           15.0          659.0           25.7
           11.0          621.0           24.9
           13.0          658.0           25.7
            5.0          654.0           25.6
           14.0          632.0           25.1
            8.0          646.0           25.4
           16.0          590.0           24.3
            9.0          599.0           24.5
           14.0          592.0           24.3
            4.0          664.0           25.8
           13.0          605.0           24.6
           12.0          571.0           23.9
            5.0          633.0           25.2
            8.0          650.0           25.5
           10.0          566.0           23.8
           10.0          527.0           23.0
           11.0          595.0           24.4
            7.0          553.0           23.5
            7.0          602.0           24.5
           11.0          568.0           23.8
            7.0          546.0           23.4
            2.0          546.0           23.4
            9.0          558.0           23.6
            5.0          569.0           23.9
            6.0          524.0           22.9
            2.0          544.0           23.3
            5.0          515.0           22.7
            4.0          557.0           23.6
            7.0          533.0           23.1
            4.0          504.0           22.4
            1.0          498.0           22.3
            7.0          527.0           23.0
            3.0          498.0           22.3
           11.0          471.0           21.7
            3.0          527.0           23.0
            6.0          470.0           21.7
            3.0          541.0           23.3
            6.0          527.0           23.0
            5.0          515.0           22.7
            8.0          498.0           22.3
            3.0          496.0           22.3
            3.0          516.0           22.7
            5.0          509.0           22.6
            1.0          484.0           22.0
            8.0          530.0           23.0
            9.0          455.0           21.3
            4.0          492.0           22.2
            2.0          492.0           22.2
            2.0          488.0           22.1
            6.0          501.0           22.4
            1.0          489.0           22.1
            4.0          423.0           20.6
            2.0          455.0           21.3
            3.0          479.0           21.9
            3.0          436.0           20.9
            2.0          467.0           21.6
            3.0          428.0           20.7
            3.0          464.0           21.5
            4.0          433.0           20.8
            1.0          408.0           20.2
            2.0          458.0           21.4
            3.0          454.0           21.3
            5.0          423.0           20.6
            7.0          418.0           20.4
            2.0          437.0           20.9
            6.0          433.0           20.8
            4.0          438.0           20.9
            2.0          413.0           20.3
            6.0          418.0           20.4
            2.0          440.0           21.0
            3.0          446.0           21.1
            2.0          385.0           19.6
            4.0          431.0           20.8
            0.0          415.0           20.4
            3.0          387.0           19.7
            3.0          418.0           20.4
            1.0          424.0           20.6
            0.0          400.0           20.0
            2.0          388.0           19.7
            3.0          397.0           19.9
            3.0          399.0           20.0
            6.0          364.0           19.1
            0.0          367.0           19.2
            4.0          389.0           19.7
            5.0          371.0           19.3
            4.0          346.0           18.6
            4.0          392.0           19.8
            1.0          434.0           20.8
            6.0          373.0           19.3
            2.0          377.0           19.4
            5.0          395.0           19.9
            0.0          355.0           18.8
            3.0          360.0           19.0
            0.0          394.0           19.8
            4.0          352.0           18.8
            1.0          355.0           18.8
            2.0          343.0           18.5
            4.0          351.0           18.7
            1.0          373.0           19.3
            1.0          347.0           18.6
            4.0          334.0           18.3
            3.0          333.0           18.2
            1.0          333.0           18.2
            2.0          327.0           18.1
            2.0          363.0           19.1
            1.0          376.0           19.4
            5.0          356.0           18.9
            2.0          338.0           18.4
            4.0          344.0           18.5
            4.0          312.0           17.7
            0.0          330.0           18.2
            1.0          354.0           18.8
            3.0          319.0           17.9
            3.0          321.0           17.9
            1.0          308.0           17.5
            5.0          272.0           16.5
            3.0          303.0           17.4
            1.0          308.0           17.5
            5.0          300.0           17.3
            2.0          307.0           17.5
            2.0          300.0           17.3
            2.0          306.0           17.5
            0.0          289.0           17.0
            5.0          290.0           17.0
            3.0          310.0           17.6
            2.0          288.0           17.0
            2.0          303.0           17.4
            4.0          274.0           16.6
            6.0          274.0           16.6
            6.0          297.0           17.2
            1.0          291.0           17.1
            2.0          305.0           17.5
            2.0          291.0           17.1
            4.0          295.0           17.2
            1.0          290.0           17.0
            1.0          263.0           16.2
            0.0          285.0           16.9
            2.0          254.0           15.9
            4.0          268.0           16.4
            6.0          244.0           15.6
            2.0          308.0           17.5
            4.0          291.0           17.1
            0.0          276.0           16.6
            2.0          305.0           17.5
            7.0          289.0           17.0
            0.0          274.0           16.6
            5.0          277.0           16.6
            4.0          275.0           16.6
            5.0          244.0           15.6
            5.0          237.0           15.4
            7.0          257.0           16.0
            3.0          260.0           16.1
            6.0          266.0           16.3
            3.0          235.0           15.3
            4.0          263.0           16.2
            2.0          242.0           15.6
            4.0          248.0           15.7
            2.0          244.0           15.6
            1.0          272.0           16.5
            1.0          229.0           15.1
            2.0          241.0           15.5
            4.0          243.0           15.6
            2.0          246.0           15.7
            1.0          230.0           15.2
            3.0          234.0           15.3
            4.0          245.0           15.7
            1.0          230.0           15.2
            3.0          212.0           14.6
            0.0          250.0           15.8
            3.0          217.0           14.7
            4.0          233.0           15.3
            5.0          224.0           15.0
            2.0          212.0           14.6
            4.0          231.0           15.2
            7.0          242.0           15.6
            6.0          230.0           15.2
            0.0          234.0           15.3
            1.0          230.0           15.2
            3.0          231.0           15.2
            3.0          219.0           14.8
            2.0          239.0           15.5
            2.0          221.0           14.9
            3.0          236.0           15.4
            2.0          208.0           14.4
            1.0          229.0           15.1
            3.0          224.0           15.0
            4.0          223.0           14.9
            3.0          191.0           13.8
            5.0          192.0           13.9
            1.0          218.0           14.8
            3.0          239.0           15.5
            1.0          219.0           14.8
            2.0          213.0           14.6
            1.0          206.0           14.4
            1.0          217.0           14.7
            2.0          209.0           14.5
            2.0          223.0           14.9
            3.0          188.0           13.7
            2.0          198.0           14.1
            2.0          192.0           13.9
            2.0          185.0           13.6
            3.0          172.0           13.1
            1.0          233.0           15.3
            4.0          224.0           15.0
            3.0          203.0           14.2
            1.0          187.0           13.7
            5.0          205.0           14.3
            2.0          170.0           13.0
            4.0          193.0           13.9
            1.0          169.0           13.0
            1.0          185.0           13.6
            2.0          202.0           14.2
            5.0          179.0           13.4
            1.0          167.0           12.9
            5.0          177.0           13.3
            3.0          186.0           13.6
            3.0          179.0           13.4
            3.0          164.0           12.8
            4.0          180.0           13.4
            0.0          185.0           13.6
            3.0          173.0           13.2
            5.0          185.0           13.6
            1.0          179.0           13.4
            4.0          176.0           13.3
            6.0          177.0           13.3
            3.0          173.0           13.2
            5.0          151.0           12.3
            2.0          173.0           13.2
            1.0          174.0           13.2
            0.0          159.0           12.6
            1.0          166.0           12.9
            7.0          165.0           12.8
            3.0          175.0           13.2
            3.0          187.0           13.7
            3.0          158.0           12.6
            2.0          162.0           12.7
            0.0          167.0           12.9
            2.0          176.0           13.3
            2.0          159.0           12.6
            4.0          157.0           12.5
            1.0          170.0           13.0
            0.0          174.0           13.2
            2.0          153.0           12.4
            3.0          193.0           13.9
            1.0          155.0           12.4
            4.0          159.0           12.6
            0.0          142.0           11.9
            1.0          154.0           12.4
            0.0          160.0           12.6
            3.0          127.0           11.3
            4.0          151.0           12.3
            3.0          156.0           12.5
            3.0          144.0           12.0
            4.0          174.0           13.2
            7.0          160.0           12.6
            2.0          139.0           11.8
            3.0          148.0           12.2
            4.0          131.0           11.4
            1.0          142.0           11.9
            1.0          156.0           12.5
            2.0          143.0           12.0
            1.0          140.0           11.8
            4.0          155.0           12.4
            1.0          150.0           12.2
            1.0          137.0           11.7
            1.0          148.0           12.2
            1.0          146.0           12.1
            0.0          130.0           11.4
            1.0          155.0           12.4
            2.0          135.0           11.6
            3.0          134.0           11.6
            3.0          143.0           12.0
            3.0          138.0           11.7
            4.0          149.0           12.2
            3.0          135.0           11.6
            5.0          134.0           11.6
            4.0          126.0           11.2
            6.0          140.0           11.8
            3.0          130.0           11.4
            6.0          138.0           11.7
            8.0          130.0           11.4
            6.0          151.0           12.3
            3.0          151.0           12.3
            7.0          137.0           11.7
            3.0          128.0           11.3
            5.0          131.0           11.4
            4.0          128.0           11.3
            7.0          112.0           10.6
           12.0          131.0           11.4
            3.0          149.0           12.2
           11.0          121.0           11.0
            8.0          114.0           10.7
            6.0          148.0           12.2
            7.0          110.0           10.5
            8.0          134.0           11.6
            5.0          132.0           11.5
            1.0          124.0           11.1
            1.0          124.0           11.1
            8.0          143.0           12.0
            3.0          113.0           10.6
            2.0          112.0           10.6
            7.0          127.0           11.3
            3.0           99.0            9.9
            3.0          106.0           10.3
            5.0          127.0           11.3
            3.0          105.0           10.2
            4.0          106.0           10.3
            5.0          126.0           11.2
            2.0           99.0            9.9
            0.0          103.0           10.1
            3.0          111.0           10.5
            2.0          130.0           11.4
            2.0          117.0           10.8
            1.0          131.0           11.4
            2.0          118.0           10.9
            1.0          113.0           10.6
            3.0          107.0           10.3
            1.0          113.0           10.6
            0.0          111.0           10.5
            2.0          109.0           10.4
            2.0          103.0           10.1
            1.0           97.0            9.8
            2.0          124.0           11.1
            5.0          110.0           10.5
            1.0           83.0            9.1
            1.0          117.0           10.8
            1.0           99.0            9.9
            3.0          106.0           10.3
            3.0          114.0           10.7
            2.0           91.0            9.5
            5.0          101.0           10.0
            2.0           98.0            9.9
            1.0          111.0           10.5
            6.0          115.0           10.7
            3.0           90.0            9.5
            3.0           91.0            9.5
            3.0           97.0            9.8
            0.0          104.0           10.2
            1.0          107.0           10.3
            2.0           94.0            9.7
            2.0           98.0            9.9
            2.0          120.0           11.0
            3.0           88.0            9.4
            1.0           98.0            9.9
            3.0           97.0            9.8
            1.0          107.0           10.3
            4.0           80.0            8.9
            1.0           94.0            9.7
            2.0          103.0           10.1
            3.0           86.0            9.3
            1.0           91.0            9.5
            2.0          100.0           10.0
            2.0           91.0            9.5
            1.0           87.0            9.3
            2.0           83.0            9.1
            1.0           79.0            8.9
            0.0           83.0            9.1
            0.0           95.0            9.7
            3.0           77.0            8.8
            2.0           88.0            9.4
            2.0          101.0           10.0
            1.0           81.0            9.0
            1.0           77.0            8.8
            1.0           88.0            9.4
            2.0           91.0            9.5
            0.0           77.0            8.8
            1.0           95.0            9.7
            0.0          100.0           10.0
            1.0           77.0            8.8
            1.0           92.0            9.6
            1.0           91.0            9.5
            1.0           72.0            8.5
            2.0           73.0            8.5
            3.0           85.0            9.2
            2.0           96.0            9.8
            0.0           75.0            8.7
            0.0           81.0            9.0
            3.0           90.0            9.5
            4.0           77.0            8.8
            2.0          101.0           10.0
            4.0           81.0            9.0
            2.0           83.0            9.1
            0.0           79.0            8.9
            2.0           77.0            8.8
            2.0           98.0            9.9
            1.0           70.0            8.4
            1.0           79.0            8.9
            1.0           81.0            9.0
            1.0           80.0            8.9
            3.0           91.0            9.5
            2.0           77.0            8.8
            2.0           75.0            8.7
            1.0           60.0            7.7
            4.0           80.0            8.9
            4.0           72.0            8.5
            3.0           80.0            8.9
            5.0           94.0            9.7
            2.0           76.0            8.7
            4.0           78.0            8.8
            2.0           67.0            8.2
            2.0           75.0            8.7
            2.0           75.0            8.7
            3.0           87.0            9.3
            0.0           63.0            7.9
            3.0           84.0            9.2
            0.0           89.0            9.4
            2.0           83.0            9.1
            1.0           74.0            8.6
            2.0           79.0            8.9
            1.0           69.0            8.3
            1.0           57.0            7.5
            4.0           79.0            8.9
            0.0           77.0            8.8
            3.0           67.0            8.2
            2.0           61.0            7.8
            2.0           65.0            8.1
            4.0           64.0            8.0
            3.0           69.0            8.3
            3.0           69.0            8.3
            2.0           72.0            8.5
            0.0           66.0            8.1
            3.0           74.0            8.6
            4.0           72.0            8.5
            0.0           67.0            8.2
            1.0           59.0            7.7
            2.0           52.0            7.2
            4.0           67.0            8.2
            1.0           62.0            7.9
            4.0           64.0            8.0
            0.0           71.0            8.4
            7.0           73.0            8.5
            1.0           64.0            8.0
            1.0           68.0            8.2
            4.0           74.0            8.6
            1.0           73.0            8.5
            2.0           69.0            8.3
            1.0           66.0            8.1
            2.0           74.0            8.6
            1.0           67.0            8.2
            1.0           75.0            8.7
            2.0           61.0            7.8
            0.0           63.0            7.9
            1.0           57.0            7.5
            2.0           74.0            8.6
            0.0           67.0            8.2
            2.0           71.0            8.4
            1.0           60.0            7.7
            3.0           59.0            7.7
            1.0           63.0            7.9
            3.0           53.0            7.3
            1.0           44.0            6.6
            3.0           61.0            7.8
            2.0           66.0            8.1
            0.0           51.0            7.1
            3.0           58.0            7.6
            1.0           68.0            8.2
            2.0           66.0            8.1
            0.0           75.0            8.7
            0.0           50.0            7.1
            4.0           70.0            8.4
            2.0           54.0            7.3
            1.0           61.0            7.8
            1.0           68.0            8.2
            2.0           58.0            7.6
            4.0           61.0            7.8
            1.0           68.0            8.2
            1.0           61.0            7.8
            2.0           66.0            8.1
            2.0           54.0            7.3
            4.0           54.0            7.3
            2.0           56.0            7.5
            1.0           70.0            8.4
            1.0           58.0            7.6
            1.0           48.0            6.9
            3.0           54.0            7.3
            3.0           60.0            7.7
            0.0           63.0            7.9
            2.0           58.0            7.6
            3.0           44.0            6.6
            2.0           41.0            6.4
            2.0           46.0            6.8
            2.0           65.0            8.1
            3.0           35.0            5.9
            1.0           37.0            6.1
            4.0           64.0            8.0
            1.0           60.0            7.7
            3.0           52.0            7.2
            3.0           53.0            7.3
            2.0           43.0            6.6
            1.0           46.0            6.8
            1.0           51.0            7.1
            1.0           54.0            7.3
            3.0           52.0            7.2
            5.0           35.0            5.9
            6.0           49.0            7.0
            3.0           55.0            7.4
            1.0           68.0            8.2
            2.0           58.0            7.6
            6.0           50.0            7.1
            3.0           60.0            7.7
            0.0           40.0            6.3
            2.0           47.0            6.9
            1.0           46.0            6.8
            1.0           46.0            6.8
            4.0           44.0            6.6
            2.0           45.0            6.7
            0.0           58.0            7.6
            3.0           49.0            7.0
            0.0           55.0            7.4
            5.0           58.0            7.6
            2.0           38.0            6.2
            0.0           54.0            7.3
            2.0           45.0            6.7
            0.0           50.0            7.1
            3.0           53.0            7.3
            3.0           39.0            6.2
            3.0           42.0            6.5
            6.0           40.0            6.3
            4.0           53.0            7.3
            1.0           53.0            7.3
            1.0           53.0            7.3
            3.0           48.0            6.9
            2.0           44.0            6.6
            2.0           58.0            7.6
            2.0           38.0            6.2
            1.0           44.0            6.6
            2.0           48.0            6.9
            2.0           42.0            6.5
            1.0           44.0            6.6
            0.0           47.0            6.9
            1.0           53.0            7.3
            2.0           50.0            7.1
            3.0           37.0            6.1
            2.0           43.0            6.6
            2.0           43.0            6.6
            1.0           48.0            6.9
            2.0           37.0            6.1
            2.0           42.0            6.5
            4.0           33.0            5.7
            3.0           48.0            6.9
            3.0           39.0            6.2
            3.0           37.0            6.1
            1.0           36.0            6.0
            0.0           28.0            5.3
            5.0           52.0            7.2
            3.0           35.0            5.9
            3.0           38.0            6.2
            4.0           36.0            6.0
            2.0           43.0            6.6
            1.0           49.0            7.0
            0.0           41.0            6.4
            3.0           30.0            5.5
            3.0           45.0            6.7
            1.0           41.0            6.4
            3.0           43.0            6.6
            3.0           51.0            7.1
            2.0           36.0            6.0
            3.0           51.0            7.1
            1.0           31.0            5.6
            1.0           35.0            5.9
            1.0           36.0            6.0
            2.0           36.0            6.0
            3.0           40.0            6.3
            2.0           58.0            7.6
            0.0           47.0            6.9
            3.0           37.0            6.1
            2.0           52.0            7.2
            0.0           37.0            6.1
            1.0           32.0            5.7
            1.0           49.0            7.0
            0.0           41.0            6.4
            3.0           34.0            5.8
            4.0           30.0            5.5
            2.0           46.0            6.8
            2.0           40.0            6.3
            2.0           44.0            6.6
            5.0           32.0            5.7
            3.0           34.0            5.8
            0.0           36.0            6.0
            1.0           31.0            5.6
            3.0           35.0            5.9
            1.0           41.0            6.4
            1.0           54.0            7.3
            2.0           39.0            6.2
            2.0           39.0            6.2
            3.0           43.0            6.6
            4.0           35.0            5.9
            1.0           20.0            4.5
            1.0           33.0            5.7
            2.0           21.0            4.6
            3.0           39.0            6.2
            2.0           42.0            6.5
            3.0           35.0            5.9
            1.0           35.0            5.9
            2.0           43.0            6.6
            0.0           27.0            5.2
            3.0           46.0            6.8
            2.0           29.0            5.4
            2.0           31.0            5.6
            4.0           30.0            5.5
            4.0           39.0            6.2
            0.0           25.0            5.0
            1.0           36.0            6.0
            1.0           35.0            5.9
            2.0           35.0            5.9
            3.0           35.0            5.9
            3.0           40.0            6.3
            0.0           38.0            6.2
            3.0           47.0            6.9
            0.0           35.0            5.9
            4.0           34.0            5.8
            3.0           25.0            5.0
            1.0           27.0            5.2
            0.0           31.0            5.6
            2.0           33.0            5.7
            4.0           40.0            6.3
            0.0           38.0            6.2
            2.0           31.0            5.6
            3.0           28.0            5.3
            2.0           32.0            5.7
            2.0           34.0            5.8
            2.0           34.0            5.8
            4.0           30.0            5.5
            1.0           39.0            6.2
            1.0           37.0            6.1
            3.0           28.0            5.3
            1.0           34.0            5.8
            1.0           28.0            5.3
            3.0           28.0            5.3
            3.0           31.0            5.6
            4.0           26.0            5.1
            2.0           27.0            5.2
            3.0           30.0            5.5
            2.0           32.0            5.7
            2.0           31.0            5.6
            1.0           31.0            5.6
            1.0           30.0            5.5
            0.0           27.0            5.2
            1.0           40.0            6.3
            2.0           43.0            6.6
            2.0           34.0            5.8
            1.0           39.0            6.2
            1.0           28.0            5.3
            3.0           39.0            6.2
            4.0           23.0            4.8
            3.0           31.0            5.6
            5.0           33.0            5.7
            1.0           36.0            6.0
            1.0           33.0            5.7
            2.0           32.0            5.7
