         pCa             force           
    0.0000000000E+00    2.3194367066E-02
    1.0000000475E-03    2.3327749223E-02
    2.0000000950E-03    2.3774819449E-02
    3.0000000261E-03    2.4594327435E-02
    4.0000001900E-03    2.5831347331E-02
    4.9999998882E-03    2.7518242598E-02
    6.0000000522E-03    2.9676210135E-02
    7.0000002161E-03    3.2316710800E-02
    8.0000003800E-03    3.5443190485E-02
    8.9999996126E-03    3.9052486420E-02
    9.9999997765E-03    4.3136175722E-02
    1.0999999940E-02    4.7681633383E-02
    1.2000000104E-02    5.2673235536E-02
    1.3000000268E-02    5.8092784137E-02
    1.4000000432E-02    6.3920833170E-02
    1.4999999665E-02    7.0136658847E-02
    1.6000000760E-02    7.6718933880E-02
    1.7000000924E-02    8.3646304905E-02
    1.7999999225E-02    9.0897403657E-02
    1.8999999389E-02    9.8451197147E-02
    1.9999999553E-02    1.0628715903E-01
    2.0999999717E-02    1.1438548565E-01
    2.1999999881E-02    1.2272720039E-01
    2.3000000045E-02    1.3129401207E-01
    2.4000000209E-02    1.4006850123E-01
    2.5000000373E-02    1.4903399348E-01
    2.6000000536E-02    1.5817524493E-01
    2.7000000700E-02    1.6747751832E-01
    2.8000000864E-02    1.7692703009E-01
    2.8999999166E-02    1.8651075661E-01
    2.9999999329E-02    1.9621655345E-01
    3.0999999493E-02    2.0603309572E-01
    3.2000001520E-02    2.1594989300E-01
    3.2999999821E-02    2.2595725954E-01
    3.4000001848E-02    2.3604604602E-01
    3.5000000149E-02    2.4620769918E-01
    3.5999998450E-02    2.5643423200E-01
    3.7000000477E-02    2.6671862602E-01
    3.7999998778E-02    2.7705407143E-01
    3.9000000805E-02    2.8743439913E-01
    3.9999999106E-02    2.9785376787E-01
    4.1000001132E-02    3.0830696225E-01
    4.1999999434E-02    3.1878894567E-01
    4.3000001460E-02    3.2929536700E-01
    4.3999999762E-02    3.3982190490E-01
    4.5000001788E-02    3.5036483407E-01
    4.6000000089E-02    3.6092054844E-01
    4.6999998391E-02    3.7148579955E-01
    4.8000000417E-02    3.8205772638E-01
    4.8999998719E-02    3.9263346791E-01
    5.0000000745E-02    4.0321066976E-01
    5.0999999046E-02    4.1378688812E-01
    5.2000001073E-02    4.2436003685E-01
    5.2999999374E-02    4.3492820859E-01
    5.4000001401E-02    4.4548964500E-01
    5.4999999702E-02    4.5604267716E-01
    5.6000001729E-02    4.6658587456E-01
    5.7000000030E-02    4.7711783648E-01
    5.7999998331E-02    4.8763737082E-01
    5.9000000358E-02    4.9814328551E-01
    5.9999998659E-02    5.0863462687E-01
    6.1000000685E-02    5.1910996437E-01
    6.1999998987E-02    5.2956944704E-01
    6.3000001013E-02    5.4001176357E-01
    6.4000003040E-02    5.5043625832E-01
    6.4999997616E-02    5.6084215641E-01
    6.5999999642E-02    5.7122904062E-01
    6.7000001669E-02    5.8159631491E-01
    6.8000003695E-02    5.9194350243E-01
    6.8999998271E-02    6.0227012634E-01
    7.0000000298E-02    6.1257582903E-01
    7.1000002325E-02    6.2286031246E-01
    7.1999996901E-02    6.3312321901E-01
    7.2999998927E-02    6.4336425066E-01
    7.4000000954E-02    6.5358322859E-01
    7.5000002980E-02    6.6377979517E-01
    7.5999997556E-02    6.7395377159E-01
    7.6999999583E-02    6.8410515785E-01
    7.8000001609E-02    6.9423359632E-01
    7.9000003636E-02    7.0433908701E-01
    7.9999998212E-02    7.1442139149E-01
    8.1000000238E-02    7.2448045015E-01
    8.2000002265E-02    7.3451614380E-01
    8.2999996841E-02    7.4452847242E-01
    8.3999998868E-02    7.5451737642E-01
    8.5000000894E-02    7.6448273659E-01
    8.6000002921E-02    7.7442455292E-01
    8.6999997497E-02    7.8434258699E-01
    8.7999999523E-02    7.9423707724E-01
    8.9000001550E-02    8.0410802364E-01
    9.0000003576E-02    8.1395524740E-01
    9.0999998152E-02    8.2377868891E-01
    9.2000000179E-02    8.3357864618E-01
    9.3000002205E-02    8.4335488081E-01
    9.3999996781E-02    8.5310739279E-01
    9.4999998808E-02    8.6283636093E-01
    9.6000000834E-02    8.7254172564E-01
    9.7000002861E-02    8.8222342730E-01
    9.7999997437E-02    8.9188152552E-01
    9.8999999464E-02    9.0151613951E-01
    1.0000000149E-01    9.1112720966E-01
    1.0100000352E-01    9.2071479559E-01
    1.0199999809E-01    9.3027889729E-01
    1.0300000012E-01    9.3981957436E-01
    1.0400000215E-01    9.4933688641E-01
    1.0499999672E-01    9.5883083344E-01
    1.0599999875E-01    9.6830147505E-01
    1.0700000077E-01    9.7774887085E-01
    1.0800000280E-01    9.8717308044E-01
    1.0899999738E-01    9.9657398462E-01
    1.0999999940E-01    1.0059517622E+00
    1.1100000143E-01    1.0153064728E+00
    1.1200000346E-01    1.0246381760E+00
    1.1299999803E-01    1.0339467525E+00
    1.1400000006E-01    1.0432324409E+00
    1.1500000209E-01    1.0524951220E+00
    1.1599999666E-01    1.0617350340E+00
    1.1699999869E-01    1.0709520578E+00
    1.1800000072E-01    1.0801461935E+00
    1.1900000274E-01    1.0893176794E+00
    1.1999999732E-01    1.0984662771E+00
    1.2099999934E-01    1.1075924635E+00
    1.2200000137E-01    1.1166958809E+00
    1.2300000340E-01    1.1257767677E+00
    1.2399999797E-01    1.1348351240E+00
    1.2500000000E-01    1.1438709497E+00
    1.2600000203E-01    1.1528843641E+00
    1.2700000405E-01    1.1618754864E+00
    1.2800000608E-01    1.1708440781E+00
    1.2899999321E-01    1.1797903776E+00
    1.2999999523E-01    1.1887145042E+00
    1.3099999726E-01    1.1976164579E+00
    1.3199999928E-01    1.2064961195E+00
    1.3300000131E-01    1.2153536081E+00
    1.3400000334E-01    1.2241891623E+00
    1.3500000536E-01    1.2330025434E+00
    1.3600000739E-01    1.2417939901E+00
    1.3699999452E-01    1.2505632639E+00
    1.3799999654E-01    1.2593107224E+00
    1.3899999857E-01    1.2680363655E+00
    1.4000000060E-01    1.2767400742E+00
    1.4100000262E-01    1.2854220867E+00
    1.4200000465E-01    1.2940822840E+00
    1.4300000668E-01    1.3027207851E+00
    1.4399999380E-01    1.3113374710E+00
    1.4499999583E-01    1.3199325800E+00
    1.4599999785E-01    1.3285061121E+00
    1.4699999988E-01    1.3370579481E+00
    1.4800000191E-01    1.3455884457E+00
    1.4900000393E-01    1.3540972471E+00
    1.5000000596E-01    1.3625848293E+00
    1.5099999309E-01    1.3710508347E+00
    1.5199999511E-01    1.3794953823E+00
    1.5299999714E-01    1.3879185915E+00
    1.5399999917E-01    1.3963205814E+00
    1.5500000119E-01    1.4047013521E+00
    1.5600000322E-01    1.4130609035E+00
    1.5700000525E-01    1.4213992357E+00
    1.5800000727E-01    1.4297163486E+00
    1.5899999440E-01    1.4380123615E+00
    1.5999999642E-01    1.4462873936E+00
    1.6099999845E-01    1.4545413256E+00
    1.6200000048E-01    1.4627742767E+00
    1.6300000250E-01    1.4709861279E+00
    1.6400000453E-01    1.4791771173E+00
    1.6500000656E-01    1.4873472452E+00
    1.6599999368E-01    1.4954962730E+00
    1.6699999571E-01    1.5036246777E+00
    1.6799999774E-01    1.5117322206E+00
    1.6899999976E-01    1.5198191404E+00
    1.7000000179E-01    1.5278853178E+00
    1.7100000381E-01    1.5359307528E+00
    1.7200000584E-01    1.5439555645E+00
    1.7299999297E-01    1.5519595146E+00
    1.7399999499E-01    1.5599431992E+00
    1.7499999702E-01    1.5679061413E+00
    1.7599999905E-01    1.5758485794E+00
    1.7700000107E-01    1.5837705135E+00
    1.7800000310E-01    1.5916719437E+00
    1.7900000513E-01    1.5995529890E+00
    1.8000000715E-01    1.6074136496E+00
    1.8099999428E-01    1.6152539253E+00
    1.8199999630E-01    1.6230739355E+00
    1.8299999833E-01    1.6308733225E+00
    1.8400000036E-01    1.6386523247E+00
    1.8500000238E-01    1.6464112997E+00
    1.8600000441E-01    1.6541500092E+00
    1.8700000644E-01    1.6618685722E+00
    1.8799999356E-01    1.6695668697E+00
    1.8899999559E-01    1.6772451401E+00
    1.8999999762E-01    1.6849032640E+00
    1.9099999964E-01    1.6925414801E+00
    1.9200000167E-01    1.7001596689E+00
    1.9300000370E-01    1.7077579498E+00
    1.9400000572E-01    1.7153362036E+00
    1.9499999285E-01    1.7228944302E+00
    1.9599999487E-01    1.7304328680E+00
    1.9699999690E-01    1.7379515171E+00
    1.9799999893E-01    1.7454503775E+00
    1.9900000095E-01    1.7529295683E+00
    2.0000000298E-01    1.7603889704E+00
    2.0100000501E-01    1.7678285837E+00
    2.0200000703E-01    1.7752485275E+00
    2.0299999416E-01    1.7826488018E+00
    2.0399999619E-01    1.7900295258E+00
    2.0499999821E-01    1.7973908186E+00
    2.0600000024E-01    1.8047323227E+00
    2.0700000226E-01    1.8120543957E+00
    2.0800000429E-01    1.8193569183E+00
    2.0900000632E-01    1.8266401291E+00
    2.0999999344E-01    1.8339036703E+00
    2.1099999547E-01    1.8411478996E+00
    2.1199999750E-01    1.8483728170E+00
    2.1299999952E-01    1.8555784225E+00
    2.1400000155E-01    1.8627645969E+00
    2.1500000358E-01    1.8699316978E+00
    2.1600000560E-01    1.8770794868E+00
    2.1699999273E-01    1.8842079639E+00
    2.1799999475E-01    1.8913172483E+00
    2.1899999678E-01    1.8984074593E+00
    2.1999999881E-01    1.9054787159E+00
    2.2100000083E-01    1.9125307798E+00
    2.2200000286E-01    1.9195637703E+00
    2.2300000489E-01    1.9265776873E+00
    2.2400000691E-01    1.9335727692E+00
    2.2499999404E-01    1.9405486584E+00
    2.2599999607E-01    1.9475055933E+00
    2.2699999809E-01    1.9544438124E+00
    2.2800000012E-01    1.9613631964E+00
    2.2900000215E-01    1.9682636261E+00
    2.3000000417E-01    1.9751452208E+00
    2.3100000620E-01    1.9820080996E+00
    2.3199999332E-01    1.9888521433E+00
    2.3299999535E-01    1.9956777096E+00
    2.3399999738E-01    2.0024843216E+00
    2.3499999940E-01    2.0092725754E+00
    2.3600000143E-01    2.0160419941E+00
    2.3700000346E-01    2.0227928162E+00
    2.3800000548E-01    2.0295252800E+00
    2.3899999261E-01    2.0362391472E+00
    2.3999999464E-01    2.0429344177E+00
    2.4099999666E-01    2.0496115685E+00
    2.4199999869E-01    2.0562701225E+00
    2.4300000072E-01    2.0629100800E+00
    2.4400000274E-01    2.0695319176E+00
    2.4500000477E-01    2.0761353970E+00
    2.4600000679E-01    2.0827205181E+00
    2.4699999392E-01    2.0892872810E+00
    2.4799999595E-01    2.0958359241E+00
    2.4899999797E-01    2.1023662090E+00
    2.5000000000E-01    2.1088786125E+00
    2.5099998713E-01    2.1153724194E+00
    2.5200000405E-01    2.1218485832E+00
    2.5299999118E-01    2.1283063889E+00
    2.5400000811E-01    2.1347463131E+00
    2.5499999523E-01    2.1411681175E+00
    2.5600001216E-01    2.1475720406E+00
    2.5699999928E-01    2.1539578438E+00
    2.5799998641E-01    2.1603255272E+00
    2.5900000334E-01    2.1666758060E+00
    2.5999999046E-01    2.1730079651E+00
    2.6100000739E-01    2.1793224812E+00
    2.6199999452E-01    2.1856188774E+00
    2.6300001144E-01    2.1918978691E+00
    2.6399999857E-01    2.1981587410E+00
    2.6499998569E-01    2.2044022083E+00
    2.6600000262E-01    2.2106280327E+00
    2.6699998975E-01    2.2168362141E+00
    2.6800000668E-01    2.2230267525E+00
    2.6899999380E-01    2.2291996479E+00
    2.7000001073E-01    2.2353551388E+00
    2.7099999785E-01    2.2414927483E+00
    2.7200001478E-01    2.2476134300E+00
    2.7300000191E-01    2.2537162304E+00
    2.7399998903E-01    2.2598016262E+00
    2.7500000596E-01    2.2658698559E+00
    2.7599999309E-01    2.2719206810E+00
    2.7700001001E-01    2.2779543400E+00
    2.7799999714E-01    2.2839703560E+00
    2.7900001407E-01    2.2899694443E+00
    2.8000000119E-01    2.2959511280E+00
    2.8099998832E-01    2.3019156456E+00
    2.8200000525E-01    2.3078632355E+00
    2.8299999237E-01    2.3137934208E+00
    2.8400000930E-01    2.3197069168E+00
    2.8499999642E-01    2.3256030083E+00
    2.8600001335E-01    2.3314824104E+00
    2.8700000048E-01    2.3373444080E+00
    2.8799998760E-01    2.3431894779E+00
    2.8900000453E-01    2.3490180969E+00
    2.8999999166E-01    2.3548293114E+00
    2.9100000858E-01    2.3606240749E+00
    2.9199999571E-01    2.3664019108E+00
    2.9300001264E-01    2.3721628189E+00
    2.9399999976E-01    2.3779070377E+00
    2.9499998689E-01    2.3836345673E+00
    2.9600000381E-01    2.3893454075E+00
    2.9699999094E-01    2.3950395584E+00
    2.9800000787E-01    2.4007172585E+00
    2.9899999499E-01    2.4063780308E+00
    3.0000001192E-01    2.4120225906E+00
    3.0099999905E-01    2.4176502228E+00
    3.0199998617E-01    2.4232614040E+00
    3.0300000310E-01    2.4288563728E+00
    3.0399999022E-01    2.4344348907E+00
    3.0500000715E-01    2.4399969578E+00
    3.0599999428E-01    2.4455425739E+00
    3.0700001121E-01    2.4510719776E+00
    3.0799999833E-01    2.4565849304E+00
    3.0899998546E-01    2.4620816708E+00
    3.1000000238E-01    2.4675624371E+00
    3.1099998951E-01    2.4730267525E+00
    3.1200000644E-01    2.4784750938E+00
    3.1299999356E-01    2.4839069843E+00
    3.1400001049E-01    2.4893231392E+00
    3.1499999762E-01    2.4947228432E+00
    3.1600001454E-01    2.5001068115E+00
    3.1700000167E-01    2.5054748058E+00
    3.1799998879E-01    2.5108265877E+00
    3.1900000572E-01    2.5161626339E+00
    3.1999999285E-01    2.5214824677E+00
    3.2100000978E-01    2.5267870426E+00
    3.2199999690E-01    2.5320754051E+00
    3.2300001383E-01    2.5373477936E+00
    3.2400000095E-01    2.5426046848E+00
    3.2499998808E-01    2.5478458405E+00
    3.2600000501E-01    2.5530712605E+00
    3.2699999213E-01    2.5582809448E+00
    3.2800000906E-01    2.5634751320E+00
    3.2899999619E-01    2.5686535835E+00
    3.3000001311E-01    2.5738165379E+00
    3.3100000024E-01    2.5789642334E+00
    3.3199998736E-01    2.5840961933E+00
    3.3300000429E-01    2.5892126560E+00
    3.3399999142E-01    2.5943136215E+00
    3.3500000834E-01    2.5993993282E+00
    3.3599999547E-01    2.6044695377E+00
    3.3700001240E-01    2.6095247269E+00
    3.3799999952E-01    2.6145644188E+00
    3.3899998665E-01    2.6195886135E+00
    3.4000000358E-01    2.6245980263E+00
    3.4099999070E-01    2.6295919418E+00
    3.4200000763E-01    2.6345710754E+00
    3.4299999475E-01    2.6395344734E+00
    3.4400001168E-01    2.6444833279E+00
    3.4499999881E-01    2.6494166851E+00
    3.4599998593E-01    2.6543352604E+00
    3.4700000286E-01    2.6592390537E+00
    3.4799998999E-01    2.6641278267E+00
    3.4900000691E-01    2.6690015793E+00
    3.4999999404E-01    2.6738605499E+00
    3.5100001097E-01    2.6787045002E+00
    3.5199999809E-01    2.6835336685E+00
    3.5299998522E-01    2.6883480549E+00
    3.5400000215E-01    2.6931476593E+00
    3.5499998927E-01    2.6979327202E+00
    3.5600000620E-01    2.7027029991E+00
    3.5699999332E-01    2.7074584961E+00
    3.5800001025E-01    2.7121996880E+00
    3.5899999738E-01    2.7169260979E+00
    3.6000001431E-01    2.7216379642E+00
    3.6100000143E-01    2.7263352871E+00
    3.6199998856E-01    2.7310183048E+00
    3.6300000548E-01    2.7356867790E+00
    3.6399999261E-01    2.7403409481E+00
    3.6500000954E-01    2.7449805737E+00
    3.6599999666E-01    2.7496058941E+00
    3.6700001359E-01    2.7542169094E+00
    3.6800000072E-01    2.7588136196E+00
    3.6899998784E-01    2.7633960247E+00
    3.7000000477E-01    2.7679643631E+00
    3.7099999189E-01    2.7725183964E+00
    3.7200000882E-01    2.7770583630E+00
    3.7299999595E-01    2.7815840244E+00
    3.7400001287E-01    2.7860958576E+00
    3.7500000000E-01    2.7905936241E+00
    3.7599998713E-01    2.7950770855E+00
    3.7700000405E-01    2.7995469570E+00
    3.7799999118E-01    2.8040027618E+00
    3.7900000811E-01    2.8084447384E+00
    3.7999999523E-01    2.8128728867E+00
    3.8100001216E-01    2.8172872066E+00
    3.8199999928E-01    2.8216874599E+00
    3.8299998641E-01    2.8260738850E+00
    3.8400000334E-01    2.8304469585E+00
    3.8499999046E-01    2.8348059654E+00
    3.8600000739E-01    2.8391516209E+00
    3.8699999452E-01    2.8434834480E+00
    3.8800001144E-01    2.8478019238E+00
    3.8899999857E-01    2.8521065712E+00
    3.8999998569E-01    2.8563976288E+00
    3.9100000262E-01    2.8606755733E+00
    3.9199998975E-01    2.8649394512E+00
    3.9300000668E-01    2.8691904545E+00
    3.9399999380E-01    2.8734278679E+00
    3.9500001073E-01    2.8776516914E+00
    3.9599999785E-01    2.8818624020E+00
    3.9700001478E-01    2.8860597610E+00
    3.9800000191E-01    2.8902435303E+00
    3.9899998903E-01    2.8944144249E+00
    4.0000000596E-01    2.8985719681E+00
    4.0099999309E-01    2.9027163982E+00
    4.0200001001E-01    2.9068477154E+00
    4.0299999714E-01    2.9109659195E+00
    4.0400001407E-01    2.9150712490E+00
    4.0500000119E-01    2.9191634655E+00
    4.0599998832E-01    2.9232423306E+00
    4.0700000525E-01    2.9273085594E+00
    4.0799999237E-01    2.9313616753E+00
    4.0900000930E-01    2.9354021549E+00
    4.0999999642E-01    2.9394295216E+00
    4.1100001335E-01    2.9434442520E+00
    4.1200000048E-01    2.9474461079E+00
    4.1299998760E-01    2.9514350891E+00
    4.1400000453E-01    2.9554114342E+00
    4.1499999166E-01    2.9593749046E+00
    4.1600000858E-01    2.9633257389E+00
    4.1699999571E-01    2.9672641754E+00
    4.1800001264E-01    2.9711899757E+00
    4.1899999976E-01    2.9751031399E+00
    4.1999998689E-01    2.9790039062E+00
    4.2100000381E-01    2.9828920364E+00
    4.2199999094E-01    2.9867675304E+00
    4.2300000787E-01    2.9906306267E+00
    4.2399999499E-01    2.9944813251E+00
    4.2500001192E-01    2.9983196259E+00
    4.2599999905E-01    3.0021457672E+00
    4.2699998617E-01    3.0059597492E+00
    4.2800000310E-01    3.0097610950E+00
    4.2899999022E-01    3.0135505199E+00
    4.3000000715E-01    3.0173275471E+00
    4.3099999428E-01    3.0210921764E+00
    4.3200001121E-01    3.0248448849E+00
    4.3299999833E-01    3.0285854340E+00
    4.3399998546E-01    3.0323138237E+00
    4.3500000238E-01    3.0360302925E+00
    4.3599998951E-01    3.0397348404E+00
    4.3700000644E-01    3.0434272289E+00
    4.3799999356E-01    3.0471079350E+00
    4.3900001049E-01    3.0507767200E+00
    4.3999999762E-01    3.0544335842E+00
    4.4100001454E-01    3.0580782890E+00
    4.4200000167E-01    3.0617115498E+00
    4.4299998879E-01    3.0653326511E+00
    4.4400000572E-01    3.0689420700E+00
    4.4499999285E-01    3.0725400448E+00
    4.4600000978E-01    3.0761260986E+00
    4.4699999690E-01    3.0797004700E+00
    4.4800001383E-01    3.0832633972E+00
    4.4900000095E-01    3.0868144035E+00
    4.4999998808E-01    3.0903542042E+00
    4.5100000501E-01    3.0938823223E+00
    4.5199999213E-01    3.0973987579E+00
    4.5300000906E-01    3.1009039879E+00
    4.5399999619E-01    3.1043977737E+00
    4.5500001311E-01    3.1078801155E+00
    4.5600000024E-01    3.1113510132E+00
    4.5699998736E-01    3.1148104668E+00
    4.5800000429E-01    3.1182589531E+00
    4.5899999142E-01    3.1216957569E+00
    4.6000000834E-01    3.1251218319E+00
    4.6099999547E-01    3.1285362244E+00
    4.6200001240E-01    3.1319396496E+00
    4.6299999952E-01    3.1353316307E+00
    4.6399998665E-01    3.1387124062E+00
    4.6500000358E-01    3.1420824528E+00
    4.6599999070E-01    3.1454415321E+00
    4.6700000763E-01    3.1487894058E+00
    4.6799999475E-01    3.1521260738E+00
    4.6900001168E-01    3.1554520130E+00
    4.6999999881E-01    3.1587667465E+00
    4.7099998593E-01    3.1620707512E+00
    4.7200000286E-01    3.1653640270E+00
    4.7299998999E-01    3.1686463356E+00
    4.7400000691E-01    3.1719179153E+00
    4.7499999404E-01    3.1751785278E+00
    4.7600001097E-01    3.1784284115E+00
    4.7699999809E-01    3.1816675663E+00
    4.7799998522E-01    3.1848962307E+00
    4.7900000215E-01    3.1881141663E+00
    4.7999998927E-01    3.1913213730E+00
    4.8100000620E-01    3.1945180893E+00
    4.8199999332E-01    3.1977040768E+00
    4.8300001025E-01    3.2008798122E+00
    4.8399999738E-01    3.2040445805E+00
    4.8500001431E-01    3.2071990967E+00
    4.8600000143E-01    3.2103431225E+00
    4.8699998856E-01    3.2134768963E+00
    4.8800000548E-01    3.2166001797E+00
    4.8899999261E-01    3.2197129726E+00
    4.9000000954E-01    3.2228155136E+00
    4.9099999666E-01    3.2259078026E+00
    4.9200001359E-01    3.2289898396E+00
    4.9300000072E-01    3.2320618629E+00
    4.9399998784E-01    3.2351233959E+00
    4.9500000477E-01    3.2381749153E+00
    4.9599999189E-01    3.2412159443E+00
    4.9700000882E-01    3.2442471981E+00
    4.9799999595E-01    3.2472681999E+00
    4.9900001287E-01    3.2502794266E+00
    5.0000000000E-01    3.2532801628E+00
    5.0099998713E-01    3.2562711239E+00
    5.0199997425E-01    3.2592520714E+00
    5.0300002098E-01    3.2622234821E+00
    5.0400000811E-01    3.2651844025E+00
    5.0499999523E-01    3.2681355476E+00
    5.0599998236E-01    3.2710771561E+00
    5.0700002909E-01    3.2740087509E+00
    5.0800001621E-01    3.2769303322E+00
    5.0900000334E-01    3.2798421383E+00
    5.0999999046E-01    3.2827446461E+00
    5.1099997759E-01    3.2856369019E+00
    5.1200002432E-01    3.2885198593E+00
    5.1300001144E-01    3.2913930416E+00
    5.1399999857E-01    3.2942564487E+00
    5.1499998569E-01    3.2971105576E+00
    5.1599997282E-01    3.2999551296E+00
    5.1700001955E-01    3.3027901649E+00
    5.1800000668E-01    3.3056156635E+00
    5.1899999380E-01    3.3084313869E+00
    5.1999998093E-01    3.3112378120E+00
    5.2100002766E-01    3.3140349388E+00
    5.2200001478E-01    3.3168222904E+00
    5.2300000191E-01    3.3196003437E+00
    5.2399998903E-01    3.3223690987E+00
    5.2499997616E-01    3.3251287937E+00
    5.2600002289E-01    3.3278789520E+00
    5.2700001001E-01    3.3306200504E+00
    5.2799999714E-01    3.3333518505E+00
    5.2899998426E-01    3.3360743523E+00
    5.2999997139E-01    3.3387877941E+00
    5.3100001812E-01    3.3414924145E+00
    5.3200000525E-01    3.3441872597E+00
    5.3299999237E-01    3.3468732834E+00
    5.3399997950E-01    3.3495502472E+00
    5.3500002623E-01    3.3522183895E+00
    5.3600001335E-01    3.3548772335E+00
    5.3700000048E-01    3.3575272560E+00
    5.3799998760E-01    3.3601682186E+00
    5.3899997473E-01    3.3628003597E+00
    5.4000002146E-01    3.3654239178E+00
    5.4100000858E-01    3.3680381775E+00
    5.4199999571E-01    3.3706438541E+00
    5.4299998283E-01    3.3732404709E+00
    5.4400002956E-01    3.3758285046E+00
    5.4500001669E-01    3.3784074783E+00
    5.4600000381E-01    3.3809776306E+00
    5.4699999094E-01    3.3835394382E+00
    5.4799997807E-01    3.3860924244E+00
    5.4900002480E-01    3.3886368275E+00
    5.5000001192E-01    3.3911726475E+00
    5.5099999905E-01    3.3936996460E+00
    5.5199998617E-01    3.3962180614E+00
    5.5299997330E-01    3.3987281322E+00
    5.5400002003E-01    3.4012296200E+00
    5.5500000715E-01    3.4037227631E+00
    5.5599999428E-01    3.4062073231E+00
    5.5699998140E-01    3.4086833000E+00
    5.5800002813E-01    3.4111511707E+00
    5.5900001526E-01    3.4136104584E+00
    5.6000000238E-01    3.4160614014E+00
    5.6099998951E-01    3.4185037613E+00
    5.6199997663E-01    3.4209380150E+00
    5.6300002337E-01    3.4233641624E+00
    5.6400001049E-01    3.4257817268E+00
    5.6499999762E-01    3.4281911850E+00
    5.6599998474E-01    3.4305925369E+00
    5.6699997187E-01    3.4329855442E+00
    5.6800001860E-01    3.4353704453E+00
    5.6900000572E-01    3.4377472401E+00
    5.6999999285E-01    3.4401156902E+00
    5.7099997997E-01    3.4424762726E+00
    5.7200002670E-01    3.4448289871E+00
    5.7300001383E-01    3.4471735954E+00
    5.7400000095E-01    3.4495098591E+00
    5.7499998808E-01    3.4518384933E+00
    5.7599997520E-01    3.4541590214E+00
    5.7700002193E-01    3.4564716816E+00
    5.7800000906E-01    3.4587764740E+00
    5.7899999619E-01    3.4610733986E+00
    5.7999998331E-01    3.4633622169E+00
    5.8099997044E-01    3.4656434059E+00
    5.8200001717E-01    3.4679169655E+00
    5.8300000429E-01    3.4701821804E+00
    5.8399999142E-01    3.4724400043E+00
    5.8499997854E-01    3.4746901989E+00
    5.8600002527E-01    3.4769325256E+00
    5.8700001240E-01    3.4791672230E+00
    5.8799999952E-01    3.4813942909E+00
    5.8899998665E-01    3.4836137295E+00
    5.8999997377E-01    3.4858255386E+00
    5.9100002050E-01    3.4880297184E+00
    5.9200000763E-01    3.4902262688E+00
    5.9299999475E-01    3.4924154282E+00
    5.9399998188E-01    3.4945967197E+00
    5.9500002861E-01    3.4967708588E+00
    5.9600001574E-01    3.4989373684E+00
    5.9700000286E-01    3.5010964870E+00
    5.9799998999E-01    3.5032482147E+00
    5.9899997711E-01    3.5053925514E+00
    6.0000002384E-01    3.5075294971E+00
    6.0100001097E-01    3.5096590519E+00
    6.0199999809E-01    3.5117812157E+00
    6.0299998522E-01    3.5138959885E+00
    6.0399997234E-01    3.5160036087E+00
    6.0500001907E-01    3.5181040764E+00
    6.0600000620E-01    3.5201973915E+00
    6.0699999332E-01    3.5222830772E+00
    6.0799998045E-01    3.5243618488E+00
    6.0900002718E-01    3.5264337063E+00
    6.1000001431E-01    3.5284981728E+00
    6.1100000143E-01    3.5305557251E+00
    6.1199998856E-01    3.5326058865E+00
    6.1299997568E-01    3.5346488953E+00
    6.1400002241E-01    3.5366849899E+00
    6.1500000954E-01    3.5387141705E+00
    6.1599999666E-01    3.5407361984E+00
    6.1699998379E-01    3.5427513123E+00
    6.1799997091E-01    3.5447595119E+00
    6.1900001764E-01    3.5467607975E+00
    6.2000000477E-01    3.5487551689E+00
    6.2099999189E-01    3.5507423878E+00
    6.2199997902E-01    3.5527229309E+00
    6.2300002575E-01    3.5546967983E+00
    6.2400001287E-01    3.5566637516E+00
    6.2500000000E-01    3.5586237907E+00
    6.2599998713E-01    3.5605771542E+00
    6.2699997425E-01    3.5625238419E+00
    6.2800002098E-01    3.5644638538E+00
    6.2900000811E-01    3.5663967133E+00
    6.2999999523E-01    3.5683233738E+00
    6.3099998236E-01    3.5702431202E+00
    6.3200002909E-01    3.5721561909E+00
    6.3300001621E-01    3.5740623474E+00
    6.3400000334E-01    3.5759623051E+00
    6.3499999046E-01    3.5778555870E+00
    6.3599997759E-01    3.5797421932E+00
    6.3700002432E-01    3.5816226006E+00
    6.3800001144E-01    3.5834960938E+00
    6.3899999857E-01    3.5853633881E+00
    6.3999998569E-01    3.5872240067E+00
    6.4099997282E-01    3.5890784264E+00
    6.4200001955E-01    3.5909261703E+00
    6.4300000668E-01    3.5927677155E+00
    6.4399999380E-01    3.5946025848E+00
    6.4499998093E-01    3.5964312553E+00
    6.4600002766E-01    3.5982534885E+00
    6.4700001478E-01    3.6000695229E+00
    6.4800000191E-01    3.6018791199E+00
    6.4899998903E-01    3.6036825180E+00
    6.4999997616E-01    3.6054794788E+00
    6.5100002289E-01    3.6072704792E+00
    6.5200001001E-01    3.6090548038E+00
    6.5299999714E-01    3.6108331680E+00
    6.5399998426E-01    3.6126053333E+00
    6.5499997139E-01    3.6143712997E+00
    6.5600001812E-01    3.6161310673E+00
    6.5700000525E-01    3.6178848743E+00
    6.5799999237E-01    3.6196324825E+00
    6.5899997950E-01    3.6213738918E+00
    6.6000002623E-01    3.6231095791E+00
    6.6100001335E-01    3.6248390675E+00
    6.6200000048E-01    3.6265623569E+00
    6.6299998760E-01    3.6282799244E+00
    6.6399997473E-01    3.6299910545E+00
    6.6500002146E-01    3.6316967010E+00
    6.6600000858E-01    3.6333963871E+00
    6.6699999571E-01    3.6350898743E+00
    6.6799998283E-01    3.6367774010E+00
    6.6900002956E-01    3.6384592056E+00
    6.7000001669E-01    3.6401352882E+00
    6.7100000381E-01    3.6418054104E+00
    6.7199999094E-01    3.6434695721E+00
    6.7299997807E-01    3.6451280117E+00
    6.7400002480E-01    3.6467809677E+00
    6.7500001192E-01    3.6484279633E+00
    6.7599999905E-01    3.6500692368E+00
    6.7699998617E-01    3.6517045498E+00
    6.7799997330E-01    3.6533343792E+00
    6.7900002003E-01    3.6549584866E+00
    6.8000000715E-01    3.6565768719E+00
    6.8099999428E-01    3.6581892967E+00
    6.8199998140E-01    3.6597964764E+00
    6.8300002813E-01    3.6613976955E+00
    6.8400001526E-01    3.6629936695E+00
    6.8500000238E-01    3.6645839214E+00
    6.8599998951E-01    3.6661686897E+00
    6.8699997663E-01    3.6677479744E+00
    6.8800002337E-01    3.6693215370E+00
    6.8900001049E-01    3.6708896160E+00
    6.8999999762E-01    3.6724522114E+00
    6.9099998474E-01    3.6740093231E+00
    6.9199997187E-01    3.6755609512E+00
    6.9300001860E-01    3.6771073341E+00
    6.9400000572E-01    3.6786482334E+00
    6.9499999285E-01    3.6801836491E+00
    6.9599997997E-01    3.6817138195E+00
    6.9700002670E-01    3.6832385063E+00
    6.9800001383E-01    3.6847579479E+00
    6.9900000095E-01    3.6862719059E+00
    6.9999998808E-01    3.6877806187E+00
    7.0099997520E-01    3.6892840862E+00
    7.0200002193E-01    3.6907823086E+00
    7.0300000906E-01    3.6922752857E+00
    7.0399999619E-01    3.6937630177E+00
    7.0499998331E-01    3.6952455044E+00
    7.0599997044E-01    3.6967227459E+00
    7.0700001717E-01    3.6981947422E+00
    7.0800000429E-01    3.6996617317E+00
    7.0899999142E-01    3.7011234760E+00
    7.0999997854E-01    3.7025802135E+00
    7.1100002527E-01    3.7040317059E+00
    7.1200001240E-01    3.7054781914E+00
    7.1299999952E-01    3.7069194317E+00
    7.1399998665E-01    3.7083556652E+00
    7.1499997377E-01    3.7097868919E+00
    7.1600002050E-01    3.7112131119E+00
    7.1700000763E-01    3.7126343250E+00
    7.1799999475E-01    3.7140502930E+00
    7.1899998188E-01    3.7154614925E+00
    7.2000002861E-01    3.7168679237E+00
    7.2100001574E-01    3.7182691097E+00
    7.2200000286E-01    3.7196655273E+00
    7.2299998999E-01    3.7210569382E+00
    7.2399997711E-01    3.7224435806E+00
    7.2500002384E-01    3.7238254547E+00
    7.2600001097E-01    3.7252023220E+00
    7.2699999809E-01    3.7265744209E+00
    7.2799998522E-01    3.7279415131E+00
    7.2899997234E-01    3.7293038368E+00
    7.3000001907E-01    3.7306613922E+00
    7.3100000620E-01    3.7320141792E+00
    7.3199999332E-01    3.7333621979E+00
    7.3299998045E-01    3.7347054482E+00
    7.3400002718E-01    3.7360439301E+00
    7.3500001431E-01    3.7373778820E+00
    7.3600000143E-01    3.7387070656E+00
    7.3699998856E-01    3.7400317192E+00
    7.3799997568E-01    3.7413516045E+00
    7.3900002241E-01    3.7426669598E+00
    7.4000000954E-01    3.7439775467E+00
    7.4099999666E-01    3.7452833652E+00
    7.4199998379E-01    3.7465844154E+00
    7.4299997091E-01    3.7478814125E+00
    7.4400001764E-01    3.7491734028E+00
    7.4500000477E-01    3.7504608631E+00
    7.4599999189E-01    3.7517440319E+00
    7.4699997902E-01    3.7530224323E+00
    7.4800002575E-01    3.7542963028E+00
    7.4900001287E-01    3.7555658817E+00
    7.5000000000E-01    3.7568309307E+00
    7.5099998713E-01    3.7580914497E+00
    7.5199997425E-01    3.7593476772E+00
    7.5300002098E-01    3.7605993748E+00
    7.5400000811E-01    3.7618467808E+00
    7.5499999523E-01    3.7630896568E+00
    7.5599998236E-01    3.7643280029E+00
    7.5700002909E-01    3.7655620575E+00
    7.5800001621E-01    3.7667920589E+00
    7.5900000334E-01    3.7680175304E+00
    7.5999999046E-01    3.7692384720E+00
    7.6099997759E-01    3.7704553604E+00
    7.6200002432E-01    3.7716679573E+00
    7.6300001144E-01    3.7728760242E+00
    7.6399999857E-01    3.7740800381E+00
    7.6499998569E-01    3.7752797604E+00
    7.6599997282E-01    3.7764749527E+00
    7.6700001955E-01    3.7776663303E+00
    7.6800000668E-01    3.7788531780E+00
    7.6899999380E-01    3.7800359726E+00
    7.6999998093E-01    3.7812147141E+00
    7.7100002766E-01    3.7823894024E+00
    7.7200001478E-01    3.7835595608E+00
    7.7300000191E-01    3.7847256660E+00
    7.7399998903E-01    3.7858877182E+00
    7.7499997616E-01    3.7870457172E+00
    7.7600002289E-01    3.7881994247E+00
    7.7700001001E-01    3.7893493176E+00
    7.7799999714E-01    3.7904949188E+00
    7.7899998426E-01    3.7916364670E+00
    7.7999997139E-01    3.7927739620E+00
    7.8100001812E-01    3.7939076424E+00
    7.8200000525E-01    3.7950372696E+00
    7.8299999237E-01    3.7961628437E+00
    7.8399997950E-01    3.7972841263E+00
    7.8500002623E-01    3.7984018326E+00
    7.8600001335E-01    3.7995152473E+00
    7.8700000048E-01    3.8006250858E+00
    7.8799998760E-01    3.8017306328E+00
    7.8899997473E-01    3.8028323650E+00
    7.9000002146E-01    3.8039305210E+00
    7.9100000858E-01    3.8050243855E+00
    7.9199999571E-01    3.8061144352E+00
    7.9299998283E-01    3.8072009087E+00
    7.9400002956E-01    3.8082833290E+00
    7.9500001669E-01    3.8093621731E+00
    7.9600000381E-01    3.8104369640E+00
    7.9699999094E-01    3.8115081787E+00
    7.9799997807E-01    3.8125755787E+00
    7.9900002480E-01    3.8136389256E+00
    8.0000001192E-01    3.8146986961E+00
    8.0099999905E-01    3.8157546520E+00
    8.0199998617E-01    3.8168067932E+00
    8.0299997330E-01    3.8178551197E+00
    8.0400002003E-01    3.8188998699E+00
    8.0500000715E-01    3.8199408054E+00
    8.0599999428E-01    3.8209781647E+00
    8.0699998140E-01    3.8220117092E+00
    8.0800002813E-01    3.8230416775E+00
    8.0900001526E-01    3.8240680695E+00
    8.1000000238E-01    3.8250906467E+00
    8.1099998951E-01    3.8261098862E+00
    8.1199997663E-01    3.8271250725E+00
    8.1300002337E-01    3.8281369209E+00
    8.1400001049E-01    3.8291451931E+00
    8.1499999762E-01    3.8301496506E+00
    8.1599998474E-01    3.8311505318E+00
    8.1699997187E-01    3.8321480751E+00
    8.1800001860E-01    3.8331420422E+00
    8.1900000572E-01    3.8341324329E+00
    8.1999999285E-01    3.8351192474E+00
    8.2099997997E-01    3.8361027241E+00
    8.2200002670E-01    3.8370826244E+00
    8.2300001383E-01    3.8380589485E+00
    8.2400000095E-01    3.8390319347E+00
    8.2499998808E-01    3.8400013447E+00
    8.2599997520E-01    3.8409674168E+00
    8.2700002193E-01    3.8419301510E+00
    8.2800000906E-01    3.8428893089E+00
    8.2899999619E-01    3.8438453674E+00
    8.2999998331E-01    3.8447976112E+00
    8.3099997044E-01    3.8457467556E+00
    8.3200001717E-01    3.8466923237E+00
    8.3300000429E-01    3.8476345539E+00
    8.3399999142E-01    3.8485734463E+00
    8.3499997854E-01    3.8495090008E+00
    8.3600002527E-01    3.8504412174E+00
    8.3700001240E-01    3.8513703346E+00
    8.3799999952E-01    3.8522958755E+00
    8.3899998665E-01    3.8532183170E+00
    8.3999997377E-01    3.8541374207E+00
    8.4100002050E-01    3.8550531864E+00
    8.4200000763E-01    3.8559658527E+00
    8.4299999475E-01    3.8568749428E+00
    8.4399998188E-01    3.8577809334E+00
    8.4500002861E-01    3.8586840630E+00
    8.4600001574E-01    3.8595836163E+00
    8.4700000286E-01    3.8604798317E+00
    8.4799998999E-01    3.8613731861E+00
    8.4899997711E-01    3.8622634411E+00
    8.5000002384E-01    3.8631503582E+00
    8.5100001097E-01    3.8640341759E+00
    8.5199999809E-01    3.8649146557E+00
    8.5299998522E-01    3.8657917976E+00
    8.5399997234E-01    3.8666663170E+00
    8.5500001907E-01    3.8675374985E+00
    8.5600000620E-01    3.8684055805E+00
    8.5699999332E-01    3.8692708015E+00
    8.5799998045E-01    3.8701329231E+00
    8.5900002718E-01    3.8709917068E+00
    8.6000001431E-01    3.8718476295E+00
    8.6100000143E-01    3.8727004528E+00
    8.6199998856E-01    3.8735501766E+00
    8.6299997568E-01    3.8743968010E+00
    8.6400002241E-01    3.8752405643E+00
    8.6500000954E-01    3.8760812283E+00
    8.6599999666E-01    3.8769187927E+00
    8.6699998379E-01    3.8777534962E+00
    8.6799997091E-01    3.8785851002E+00
    8.6900001764E-01    3.8794138432E+00
    8.7000000477E-01    3.8802397251E+00
    8.7099999189E-01    3.8810627460E+00
    8.7199997902E-01    3.8818826675E+00
    8.7300002575E-01    3.8826997280E+00
    8.7400001287E-01    3.8835139275E+00
    8.7500000000E-01    3.8843252659E+00
    8.7599998713E-01    3.8851335049E+00
    8.7699997425E-01    3.8859388828E+00
    8.7800002098E-01    3.8867413998E+00
    8.7900000811E-01    3.8875408173E+00
    8.7999999523E-01    3.8883378506E+00
    8.8099998236E-01    3.8891317844E+00
    8.8200002909E-01    3.8899228573E+00
    8.8300001621E-01    3.8907113075E+00
    8.8400000334E-01    3.8914968967E+00
    8.8499999046E-01    3.8922793865E+00
    8.8599997759E-01    3.8930592537E+00
    8.8700002432E-01    3.8938367367E+00
    8.8800001144E-01    3.8946111202E+00
    8.8899999857E-01    3.8953826427E+00
    8.8999998569E-01    3.8961513042E+00
    8.9099997282E-01    3.8969175816E+00
    8.9200001955E-01    3.8976809978E+00
    8.9300000668E-01    3.8984415531E+00
    8.9399999380E-01    3.8991994858E+00
    8.9499998093E-01    3.8999547958E+00
    8.9600002766E-01    3.9007072449E+00
    8.9700001478E-01    3.9014570713E+00
    8.9800000191E-01    3.9022042751E+00
    8.9899998903E-01    3.9029488564E+00
    8.9999997616E-01    3.9036908150E+00
    9.0100002289E-01    3.9044301510E+00
    9.0200001001E-01    3.9051668644E+00
    9.0299999714E-01    3.9059007168E+00
    9.0399998426E-01    3.9066321850E+00
    9.0499997139E-01    3.9073610306E+00
    9.0600001812E-01    3.9080872536E+00
    9.0700000525E-01    3.9088108540E+00
    9.0799999237E-01    3.9095315933E+00
    9.0899997950E-01    3.9102499485E+00
    9.1000002623E-01    3.9109659195E+00
    9.1100001335E-01    3.9116792679E+00
    9.1200000048E-01    3.9123897552E+00
    9.1299998760E-01    3.9130978584E+00
    9.1399997473E-01    3.9138035774E+00
    9.1500002146E-01    3.9145066738E+00
    9.1600000858E-01    3.9152071476E+00
    9.1699999571E-01    3.9159052372E+00
    9.1799998283E-01    3.9166007042E+00
    9.1900002956E-01    3.9172937870E+00
    9.2000001669E-01    3.9179842472E+00
    9.2100000381E-01    3.9186723232E+00
    9.2199999094E-01    3.9193580151E+00
    9.2299997807E-01    3.9200410843E+00
    9.2400002480E-01    3.9207220078E+00
    9.2500001192E-01    3.9214003086E+00
    9.2599999905E-01    3.9220762253E+00
    9.2699998617E-01    3.9227497578E+00
    9.2799997330E-01    3.9234209061E+00
    9.2900002003E-01    3.9240896702E+00
    9.3000000715E-01    3.9247560501E+00
    9.3099999428E-01    3.9254198074E+00
    9.3199998140E-01    3.9260814190E+00
    9.3300002813E-01    3.9267406464E+00
    9.3400001526E-01    3.9273974895E+00
    9.3500000238E-01    3.9280521870E+00
    9.3599998951E-01    3.9287042618E+00
    9.3699997663E-01    3.9293541908E+00
    9.3800002337E-01    3.9300017357E+00
    9.3900001049E-01    3.9306468964E+00
    9.3999999762E-01    3.9312896729E+00
    9.4099998474E-01    3.9319303036E+00
    9.4199997187E-01    3.9325683117E+00
    9.4300001860E-01    3.9332044125E+00
    9.4400000572E-01    3.9338383675E+00
    9.4499999285E-01    3.9344696999E+00
    9.4599997997E-01    3.9350988865E+00
    9.4700002670E-01    3.9357259274E+00
    9.4800001383E-01    3.9363505840E+00
    9.4900000095E-01    3.9369730949E+00
    9.4999998808E-01    3.9375934601E+00
    9.5099997520E-01    3.9382114410E+00
    9.5200002193E-01    3.9388270378E+00
    9.5300000906E-01    3.9394407272E+00
    9.5399999619E-01    3.9400520325E+00
    9.5499998331E-01    3.9406611919E+00
    9.5599997044E-01    3.9412679672E+00
    9.5700001717E-01    3.9418728352E+00
    9.5800000429E-01    3.9424757957E+00
    9.5899999142E-01    3.9430761337E+00
    9.5999997854E-01    3.9436745644E+00
    9.6100002527E-01    3.9442708492E+00
    9.6200001240E-01    3.9448649883E+00
    9.6299999952E-01    3.9454569817E+00
    9.6399998665E-01    3.9460468292E+00
    9.6499997377E-01    3.9466345310E+00
    9.6600002050E-01    3.9472200871E+00
    9.6700000763E-01    3.9478034973E+00
    9.6799999475E-01    3.9483850002E+00
    9.6899998188E-01    3.9489643574E+00
    9.7000002861E-01    3.9495418072E+00
    9.7100001574E-01    3.9501171112E+00
    9.7200000286E-01    3.9506902695E+00
    9.7299998999E-01    3.9512615204E+00
    9.7399997711E-01    3.9518308640E+00
    9.7500002384E-01    3.9523978233E+00
    9.7600001097E-01    3.9529628754E+00
    9.7699999809E-01    3.9535260201E+00
    9.7799998522E-01    3.9540870190E+00
    9.7899997234E-01    3.9546458721E+00
    9.8000001907E-01    3.9552028179E+00
    9.8100000620E-01    3.9557576180E+00
    9.8199999332E-01    3.9563105106E+00
    9.8299998045E-01    3.9568614960E+00
    9.8400002718E-01    3.9574105740E+00
    9.8500001431E-01    3.9579575062E+00
    9.8600000143E-01    3.9585025311E+00
    9.8699998856E-01    3.9590456486E+00
    9.8799997568E-01    3.9595868587E+00
    9.8900002241E-01    3.9601261616E+00
    9.9000000954E-01    3.9606633186E+00
    9.9099999666E-01    3.9611988068E+00
    9.9199998379E-01    3.9617321491E+00
    9.9299997091E-01    3.9622635841E+00
    9.9400001764E-01    3.9627933502E+00
    9.9500000477E-01    3.9633209705E+00
    9.9599999189E-01    3.9638469219E+00
    9.9699997902E-01    3.9643707275E+00
    9.9800002575E-01    3.9648928642E+00
    9.9900001287E-01    3.9654130936E+00
