8.000000000000000e-4 0.0000000000000000
1.000000000000000e-3 2.235713923322794e-2
1.200000000000000e-3 1.234547022712275e-2
1.400000000000000e-3 1.569396763119169e-2
1.600000000000000e-3 2.810708427051799e-2
1.800000000000000e-3 2.726150411797534e-2
2.000000000000000e-3 1.319105037966554e-2
2.200000000000000e-3 1.904246503526062e-2
2.400000000000000e-3 2.475858686644890e-2
2.600000000000000e-3 2.807326106441621e-2
2.800000000000000e-3 3.466878625424890e-2
3.000000000000000e-3 2.475858686644890e-2
3.200000000000000e-3 5.614652212883257e-2
3.400000000000000e-3 8.009335204884074e-2
3.600000000000000e-3 9.578731968003243e-2
3.800000000000000e-3 1.065430992203751e-1
4.000000000000000e-3 1.337707801322488e-1
4.200000000000000e-3 1.354281172312323e-1
4.400000000000000e-3 1.155400720434290e-1
4.600000000000000e-3 1.271752549424160e-1
4.799999999999999e-3 1.395207251695388e-1
5.000000000000000e-3 1.321134430332651e-1
5.200000000000000e-3 1.230488237980078e-1
5.400000000000000e-3 1.511220848624241e-1
5.600000000000000e-3 1.643469584481913e-1
5.800000000000000e-3 1.486529908169996e-1
6.000000000000000e-3 1.552823392129341e-1
6.200000000000000e-3 1.461838967715750e-1
6.400000000000000e-3 1.700630802793797e-1
6.600000000000000e-3 1.643131352420897e-1
6.800000000000000e-3 1.990157447024404e-1
7.000000000000000e-3 1.941113798176928e-1
7.200000000000000e-3 1.759144949349748e-1
7.400000000000000e-3 1.882937883681995e-1
7.600000000000000e-3 1.692513233329387e-1
7.800000000000000e-3 1.676278094400568e-1
8.000000000000000e-3 1.808188598197224e-1
8.200000000000000e-3 1.717542405844650e-1
8.400000000000000e-3 1.461500735654732e-1
8.600000000000000e-3 1.758806717288732e-1
8.800000000000000e-3 1.750689147824322e-1
9.000000000000000e-3 1.816644399722650e-1
9.200000000000000e-3 1.767262518814158e-1
9.400000000000000e-3 2.064568500448157e-1
9.599999999999998e-3 1.832879538651469e-1
9.800000000000000e-3 1.931981532529469e-1
1.000000000000000e-2 2.064568500448157e-1
1.020000000000000e-2 2.040215792054929e-1
1.040000000000000e-2 2.279345859193994e-1
1.060000000000000e-2 2.469094045424566e-1
1.080000000000000e-2 2.617239688150040e-1
1.100000000000000e-2 2.502240787404238e-1
1.120000000000000e-2 2.873957822461991e-1
1.140000000000000e-2 2.791090967512810e-1
1.160000000000000e-2 2.947692411763712e-1
1.180000000000000e-2 2.650724662190729e-1
1.200000000000000e-2 2.857384451472156e-1
1.220000000000000e-2 2.815781907967056e-1
1.240000000000000e-2 2.865163788875547e-1
1.260000000000000e-2 2.964604014814565e-1
1.280000000000000e-2 3.104970320136646e-1
1.300000000000000e-2 3.295056738428235e-1
1.320000000000000e-2 3.262248228509580e-1
1.340000000000000e-2 3.071823578156973e-1
1.360000000000000e-2 2.998088988855254e-1
1.380000000000000e-2 3.022441697248482e-1
1.400000000000000e-2 2.832693511017909e-1
1.420000000000000e-2 3.079941147621382e-1
1.440000000000000e-2 3.080279379682400e-1
1.460000000000000e-2 3.220645685004482e-1
1.480000000000000e-2 3.237219055994317e-1
1.500000000000000e-2 3.179381373560400e-1
1.520000000000000e-2 2.964942246875581e-1
1.540000000000000e-2 2.906766332380646e-1
1.560000000000000e-2 3.105308552197662e-1
1.580000000000000e-2 3.385702930780809e-1
1.600000000000000e-2 3.269689333851956e-1
1.620000000000000e-2 3.410393871235054e-1
1.640000000000000e-2 3.320085910943498e-1
1.660000000000000e-2 3.624494765858855e-1
1.680000100000000e-2 3.278483367438400e-1
1.700000000000000e-2 3.410732103296071e-1
1.720000000000000e-2 3.641406368909709e-1
1.740000100000000e-2 3.435423043750316e-1
1.760000000000000e-2 3.649862170435136e-1
1.780000000000000e-2 3.848404390252152e-1
1.800000100000000e-2 3.641406368909709e-1
1.820000000000000e-2 3.509495865113054e-1
1.840000000000000e-2 3.526069236102890e-1
1.860000000000000e-2 3.930256549018281e-1
1.880000000000000e-2 3.757419965838562e-1
1.900000000000000e-2 3.748964164313135e-1
1.920000000000000e-2 3.707699852869054e-1
1.940000000000000e-2 3.782110906292808e-1
1.960000000000000e-2 3.988770695574234e-1
1.980000000000000e-2 3.972197324584398e-1
2.000000000000000e-2 4.079416887926807e-1
2.020000000000000e-2 4.054387715411543e-1
2.040000000000000e-2 4.261047504692970e-1
2.060000000000000e-2 3.913683178028445e-1
2.080000000000000e-2 4.343576127581134e-1
2.100000000000000e-2 4.219783193248888e-1
2.120000000000000e-2 4.244474133703134e-1
2.140000000000000e-2 4.293856014611625e-1
2.160000000000000e-2 4.145372139825134e-1
2.180000000000000e-2 4.129137000896315e-1
2.200000000000000e-2 4.310429385601461e-1
2.220000000000000e-2 4.252591703167544e-1
2.240000000000000e-2 4.351693697045542e-1
2.260000000000000e-2 4.451133922984560e-1
2.280000000000000e-2 4.549897684801542e-1
2.300000000000000e-2 4.467707293974395e-1
2.320000000000000e-2 4.161945510814970e-1
2.340000000000000e-2 4.112225397845462e-1
2.360000000000000e-2 4.467369061913378e-1
2.380000000000000e-2 4.467369061913379e-1
2.400000000000000e-2 4.326664524530280e-1
2.420000000000000e-2 4.607735367235460e-1
2.440000000000000e-2 4.434560551994724e-1
2.460000000000000e-2 4.607735367235460e-1
2.480000000000000e-2 4.740322335154149e-1
2.500000000000000e-2 4.566471055791378e-1
2.520000000000000e-2 4.442678121459133e-1
2.540000000000000e-2 4.509309837479495e-1
2.560000000000000e-2 4.624308738225296e-1
2.580000000000000e-2 4.682146420659214e-1
2.600000000000000e-2 4.442339889398116e-1
2.620000000000000e-2 4.615852936699870e-1
2.640000000000000e-2 4.839086096971131e-1
2.660000000000000e-2 4.954423229777950e-1
2.680000000000000e-2 4.888603270704030e-1
2.700000000000000e-2 4.970996600767787e-1
2.720000000000000e-2 4.739984103093131e-1
2.740000000000000e-2 4.913497150394886e-1
2.760000000000000e-2 4.905379580930476e-1
2.780000000000000e-2 4.748101672557542e-1
2.800000000000000e-2 4.723072500042278e-1
2.820000000000000e-2 5.127598045018687e-1
2.840000000000000e-2 5.078554396171213e-1
2.860000000000000e-2 5.061304561059343e-1
2.880000000000000e-2 5.194229761039049e-1
2.900000000000000e-2 5.161083019059377e-1
2.920000000000000e-2 5.053863455716967e-1
2.940000000000000e-2 5.070436826706803e-1
2.960000000000000e-2 5.219258933554311e-1
2.980000000000000e-2 5.400889550320474e-1
3.000000000000000e-2 5.144171416008522e-1
3.020000000000000e-2 5.028834283201706e-1
3.040000000000000e-2 5.259846780876359e-1
3.060000000000000e-2 5.161083019059377e-1
3.080000000000000e-2 5.318360927432312e-1
3.100000000000000e-2 5.094789535100032e-1
3.120000000000000e-2 5.342713635825540e-1
3.140000000000000e-2 5.292993522856031e-1
3.160000000000000e-2 5.384316179330638e-1
3.180000000000000e-2 5.549373425106966e-1
3.200000000000000e-2 5.640019617459538e-1
3.220000000000000e-2 5.631225583873095e-1
3.240000000000000e-2 5.590299504490030e-1
3.260000000000000e-2 5.483079941147621e-1
3.280000000000000e-2 5.483215233972029e-1
3.300000000000000e-2 5.681486868140231e-1
3.320000000000000e-2 5.565946796096802e-1
3.340000000000000e-2 5.623446246469702e-1
3.360000100000000e-2 5.764083137440598e-1
3.380000100000000e-2 5.722582063553804e-1
3.400000000000000e-2 5.599025891664271e-1
3.420000000000000e-2 5.771963944462295e-1
3.440000000000000e-2 5.805178332854170e-1
3.460000000000000e-2 5.838122135597234e-1
3.480000100000000e-2 5.855033738648086e-1
3.500000000000000e-2 5.920346349630481e-1
3.520000000000000e-2 5.945240229321338e-1
3.540000000000000e-2 5.978792849774230e-1
3.560000000000000e-2 5.854661683380968e-1
3.580000000000000e-2 6.028107084270518e-1
3.600000100000000e-2 6.094265275405456e-1
3.620000000000000e-2 5.780521215606028e-1
3.640000000000000e-2 6.036529062589842e-1
3.660000000000000e-2 5.937663831154555e-1
3.680000000000000e-2 5.945443168557948e-1
3.700000000000000e-2 5.524175136561194e-1
3.720000000000000e-2 5.879657032690128e-1
3.740000000000000e-2 6.019955691600006e-1
3.760000000000000e-2 6.011702829311190e-1
3.780000000000000e-2 6.168236627149888e-1
3.800000000000000e-2 6.127513487003432e-1
3.820000000000000e-2 6.276098831408229e-1
3.840000000000000e-2 6.176929191118026e-1
3.860000000000000e-2 6.143613333107845e-1
3.880000000000000e-2 6.126904669293602e-1
3.900000000000000e-2 6.160254350509885e-1
3.920000000000000e-2 6.135428117231232e-1
3.940000000000000e-2 6.160321996922089e-1
3.960000000000000e-2 6.333835044223841e-1
3.980000000000000e-2 6.251204951717373e-1
4.000000000000000e-2 6.086012413116639e-1
4.020000000000000e-2 6.226480188057026e-1
4.040000000000000e-2 6.391300671390642e-1
4.060000000000000e-2 6.052933317549170e-1
4.080000000000000e-2 6.127412017385129e-1
4.100000000000000e-2 6.028140907476619e-1
4.120000000000000e-2 6.482082156567622e-1
4.140000000000000e-2 6.366440614905887e-1
4.160000000000000e-2 6.490808543741862e-1
4.180000000000000e-2 6.399688826503864e-1
4.200000000000000e-2 6.317126380409599e-1
4.220000000000000e-2 6.523684700072719e-1
4.240000000000000e-2 6.333767397811638e-1
4.260000000000000e-2 6.730107726911434e-1
4.280000000000000e-2 6.548680049381881e-1
4.300000000000000e-2 6.416262197493699e-1
4.320000000000000e-2 6.655662850281578e-1
4.340000000000000e-2 6.581285620063926e-1
4.360000000000000e-2 6.449307469855066e-1
4.380000000000000e-2 6.341884967276048e-1
4.400000000000000e-2 6.721854864622618e-1
4.420000000000000e-2 6.498959936412373e-1
4.440000000000000e-2 6.655696673487680e-1
4.460000000000000e-2 6.680353790735823e-1
4.480000000000000e-2 6.671931812416499e-1
4.500000000000000e-2 6.540190424650353e-1
4.520000000000000e-2 6.754832490571782e-1
4.540000000000000e-2 6.795826216367049e-1
4.560000000000000e-2 6.688944885085657e-1
4.580000000000000e-2 6.688708122642945e-1
4.600000000000000e-2 6.961052578173884e-1
4.620000000000000e-2 7.002553652060678e-1
4.640000000000000e-2 6.953070301533882e-1
4.660000000000000e-2 6.853697722007068e-1
4.680000000000000e-2 6.713229947066682e-1
4.700000000000000e-2 6.862221169944699e-1
4.720000000000000e-2 6.771236745531109e-1
4.740000000000000e-2 6.820855388882312e-1
4.760000000000000e-2 7.019160846256617e-1
4.780000000000000e-2 6.994334612977964e-1
4.800000000000000e-2 6.944783616038964e-1
4.820000000000000e-2 7.068339787928497e-1
4.840000000000000e-2 6.928210245049126e-1
4.860000000000000e-2 7.266882007745514e-1
4.880000000000000e-2 7.076727943041721e-1
4.900000000000000e-2 7.018957907020007e-1
4.920000000000000e-2 6.837496406284351e-1
4.940000000000000e-2 7.101723292350882e-1
4.960000000000000e-2 7.258730615075003e-1
4.980000000000000e-2 7.085048451742742e-1
5.000000000000000e-2 7.109874685021392e-1
5.020000000000000e-2 7.481402310124978e-1
5.040000000000000e-2 7.341123945138760e-1
5.060000000000000e-2 7.101689469144781e-1
5.080000000000000e-2 7.134680624376385e-1
5.100000000000000e-2 7.109807038609190e-1
5.120000000000000e-2 7.150936057228865e-1
5.140000000000000e-2 7.275033400416026e-1
5.160000000000000e-2 7.250274813549576e-1
5.180000000000000e-2 7.580402834384672e-1
5.200000000000000e-2 7.126177470362416e-1
5.220000000000000e-2 7.200757639816678e-1
5.240000000000000e-2 7.250274813549576e-1
5.260000000000000e-2 7.407180666655392e-1
5.280000000000000e-2 7.233735265765842e-1
5.300000000000000e-2 7.291640594611962e-1
5.320000000000000e-2 7.142852310970557e-1
5.340000000000000e-2 7.200723816610577e-1
5.360000000000000e-2 7.241954304848555e-1
5.380000000000000e-2 7.266746714921107e-1
5.400000000000000e-2 7.258392383013986e-1
5.420000000000000e-2 7.241920481642456e-1
5.440000000000000e-2 7.275033400416026e-1
5.460000000000000e-2 7.382658842231654e-1
5.480000000000000e-2 7.398860157954373e-1
5.500000000000000e-2 7.456799310006595e-1
5.520000000000000e-2 7.514603169234411e-1
5.540000000000000e-2 7.580517833285418e-1
5.560000000000000e-2 7.596962676092067e-1
5.580000000000000e-2 7.423652568026923e-1
5.600000000000000e-2 7.704287091373390e-1
5.620000000000000e-2 7.497995975038475e-1
5.640000000000000e-2 7.465042025333581e-1
5.660000000000000e-2 7.696122169420438e-1
5.680000000000000e-2 7.407113020243189e-1
5.700000000000000e-2 7.225516226683128e-1
5.720000000000000e-2 7.531075070605942e-1
5.740000000000000e-2 7.605418477617494e-1
5.760000000000000e-2 7.498050092168235e-1
5.780000000000000e-2 7.679646885728299e-1
5.800000000000000e-2 7.720995755187635e-1
5.820000000000000e-2 7.456799310006595e-1
5.840000000000000e-2 7.861257208570800e-1
5.860000000000000e-2 7.869648746004634e-1
5.880000000000000e-2 7.976885220950094e-1
5.900000000000000e-2 7.976760075087518e-1
5.920000000000000e-2 7.853115962862120e-1
5.940000000000000e-2 7.721046489996787e-1
5.960000000000000e-2 7.811706211631800e-1
5.980000000000000e-2 7.737454127276725e-1
6.000000000000000e-2 7.886181529147149e-1
6.020000000000000e-2 8.109042634151291e-1
6.040000000000000e-2 7.919067832439837e-1
6.060000000000000e-2 7.745750959733474e-1
6.080000000000000e-2 7.993404474810168e-1
6.100000000000000e-2 7.671509022340229e-1
6.120000000000000e-2 7.869547276386330e-1
6.140000000000000e-2 7.712786863066749e-1
6.160000000000000e-2 7.902589166427085e-1
6.180000000000000e-2 7.894336304138270e-1
6.200000000000000e-2 7.910821734792242e-1
6.220000000000000e-2 7.836508768666182e-1
6.240000000000000e-2 7.729245235155840e-1
6.260000000000000e-2 7.910818352471630e-1
6.279999999999999e-2 8.076014273392974e-1
6.300000000000000e-2 7.861460147807410e-1
6.320000000000001e-2 8.133791074055910e-1
6.340000000000000e-2 8.348446669259779e-1
6.360000000000000e-2 8.183342070994909e-1
6.379999999999999e-2 8.018196884882717e-1
6.400000000000000e-2 7.943873771794829e-1
6.419999999999999e-2 7.877759550827822e-1
6.440000000000000e-2 8.117292114119498e-1
6.460000000000001e-2 8.307192504777528e-1
6.480000000000000e-2 7.886056383284571e-1
6.500000000000000e-2 7.778654174629213e-1
6.519999999999999e-2 7.786879978353147e-1
6.540000000000000e-2 7.943897448039101e-1
6.560000000000001e-2 7.745683313321270e-1
6.580000000000000e-2 8.125568652652586e-1
6.600000000000000e-2 8.232872774010248e-1
6.619999999999999e-2 7.935647968070893e-1
6.640000000000000e-2 7.985127936277080e-1
6.660000000000001e-2 7.795112546718302e-1
6.680000000000000e-2 7.762189037898902e-1
6.700000000000000e-2 7.869543894065718e-1
6.720000099999999e-2 8.034682315536688e-1
6.740000000000000e-2 8.249422468755813e-1
6.760000099999999e-2 8.026432835568483e-1
6.780000000000000e-2 7.968645887943718e-1
6.800000000000001e-2 8.340247924100725e-1
6.820000000000000e-2 8.191642285772269e-1
6.840000000000000e-2 8.166832964096667e-1
6.860000099999999e-2 8.323725287920042e-1
6.880000000000000e-2 7.968662799546768e-1
6.900000000000001e-2 8.125517917843434e-1
6.920000000000000e-2 8.257682095685848e-1
6.940000000000000e-2 8.208093893220138e-1
6.960000099999999e-2 8.009788435845834e-1
6.980000000000000e-2 8.142037171703506e-1
7.000000000000001e-2 8.117319172684379e-1
7.020000000000000e-2 8.332011973414960e-1
7.040000000000001e-2 8.232893067933909e-1
7.060000000000000e-2 8.208093893220138e-1
7.080000000000000e-2 8.084169048384096e-1
7.100000099999999e-2 8.274191202584093e-1
7.120000000000000e-2 8.216377196394445e-1
7.140000000000001e-2 8.373272902538430e-1
7.160000000000000e-2 8.150334004160254e-1
7.180000000000000e-2 8.183355600277350e-1
7.200000099999999e-2 8.075966920904432e-1
7.220000000000000e-2 8.232872774010248e-1
7.240000000000000e-2 8.191584786321894e-1
7.260000000000000e-2 8.018183355600278e-1
7.280000000000000e-2 8.026578275354722e-1
7.300000000000000e-2 8.480637905667078e-1
7.320000000000000e-2 8.364982834722902e-1
7.340000000000000e-2 8.571456596370770e-1
7.360000000000000e-2 8.364999746325954e-1
7.380000000000000e-2 8.216367049432616e-1
7.400000000000000e-2 8.109127192166546e-1
7.420000000000000e-2 8.464081446280293e-1
7.440000000000000e-2 8.571443067088330e-1
7.460000000000000e-2 8.571473507973821e-1
7.480000000000000e-2 8.398021342443051e-1
7.500000000000000e-2 8.381546058750909e-1
7.520000000000000e-2 8.621038034195261e-1
7.540000000000000e-2 8.373239079332330e-1
7.560000000000000e-2 7.993390945527726e-1
7.580000000000000e-2 8.249408939473371e-1
7.600000000000000e-2 8.455875936480019e-1
7.620000000000000e-2 8.554940724831306e-1
7.640000000000000e-2 8.356743501716526e-1
7.660000000000000e-2 8.431124114254790e-1
7.680000000000000e-2 8.340210718574014e-1
7.700000000000000e-2 8.331998444132518e-1
7.720000000000000e-2 8.323688082393330e-1
7.740000000000000e-2 8.488887385635285e-1
7.760000000000000e-2 8.307195887098138e-1
7.780000000000000e-2 8.224630058683262e-1
7.800000000000000e-2 8.191605080245557e-1
7.820000000000000e-2 8.414537213982514e-1
7.840000000000000e-2 8.307226327983629e-1
7.860000000000000e-2 8.356797618846290e-1
7.880000000000000e-2 8.422793458591941e-1
7.900000000000000e-2 8.365006510967174e-1
7.920000000000000e-2 8.406294498655528e-1
7.940000000000000e-2 8.621007593309770e-1
7.960000000000000e-2 8.340197189291573e-1
7.980000000000000e-2 8.571476890294430e-1
8.000000000000000e-2 8.389778627116064e-1
8.020000000000000e-2 8.513635825539902e-1
8.040000000000000e-2 8.736591635521130e-1
8.060000000000000e-2 8.455845495594528e-1
8.080000000000000e-2 8.282433917911078e-1
8.100000000000000e-2 8.364986217043514e-1
8.120000000000000e-2 8.604488339449694e-1
8.140000000000000e-2 8.645735739290728e-1
8.160000000000000e-2 8.530192284926688e-1
8.180000000000000e-2 8.546664186298219e-1
8.200000000000000e-2 8.282464358796570e-1
8.220000000000000e-2 8.389788774077894e-1
8.240000000000000e-2 8.612751348700342e-1
8.260000000000000e-2 8.720075763981667e-1
8.280000000000000e-2 8.678835128781858e-1
8.300000000000000e-2 8.100745801694544e-1
8.320000000000000e-2 8.629280749522246e-1
8.340000000000000e-2 8.604474810167256e-1
8.360000000000000e-2 8.480627758705248e-1
8.380000000000000e-2 8.546670950939440e-1
8.400000000000000e-2 8.505379580930475e-1
8.420000000000000e-2 8.546650657015779e-1
8.440000000000000e-2 8.546674333260050e-1
8.460000000000000e-2 8.587914968459861e-1
8.480000000000000e-2 8.645786474099878e-1
8.500000000000000e-2 8.497133483282880e-1
8.520000000000000e-2 8.571453214050160e-1
8.540000000000000e-2 8.620977152424278e-1
8.560000000000000e-2 8.587958938627794e-1
8.580000000000000e-2 8.546694627183710e-1
8.600000000000000e-2 8.827450914072144e-1
8.620000000000000e-2 8.422786693950718e-1
8.640000000000000e-2 8.753110889381205e-1
8.660000000000000e-2 8.976049787759382e-1
8.680000000000000e-2 8.819191287142109e-1
8.700000000000000e-2 8.720052087737395e-1
8.720000000000000e-2 8.711809372410411e-1
8.740000000000000e-2 8.323728670240651e-1
8.760000000000000e-2 8.381552823392130e-1
8.780000000000000e-2 8.744874938695438e-1
8.800000000000000e-2 8.761384045593682e-1
8.820000000000000e-2 8.678818217178805e-1
8.840000000000000e-2 8.711829666334070e-1
8.860000000000000e-2 8.654019042465034e-1
8.880000000000000e-2 8.488873856352843e-1
8.900000000000000e-2 8.414520302379464e-1
8.920000000000000e-2 8.711839813295902e-1
8.940000000000000e-2 8.802621298472883e-1
8.960000000000000e-2 8.744820821565675e-1
8.980000000000000e-2 8.810965483418173e-1
9.000000000000000e-2 8.703570039404035e-1
9.020000000000000e-2 8.736618694086013e-1
9.040000000000000e-2 8.926495408499771e-1
9.060000000000000e-2 8.678801305575755e-1
9.080000000000000e-2 8.670541678645718e-1
9.100000000000000e-2 8.546674333260050e-1
9.120000000000000e-2 8.620997446347939e-1
9.140000000000000e-2 8.488914444200165e-1
9.160000000000000e-2 8.356773942602018e-1
9.180000000000000e-2 8.414571037188614e-1
9.200000000000000e-2 8.480654817270130e-1
9.220000000000000e-2 8.654035954068086e-1
9.240000000000000e-2 8.810911366288410e-1
9.260000000000000e-2 8.654025807106256e-1
9.280000000000000e-2 8.670497708477787e-1
9.300000000000000e-2 8.629246926316144e-1
9.320000000000000e-2 8.538421470971234e-1
9.340000000000000e-2 8.802628063114102e-1
9.360000000000000e-2 8.786142632460131e-1
9.380000000000000e-2 8.934768564712248e-1
9.400000000000000e-2 8.736638988009674e-1
9.420000000000000e-2 8.596238859481490e-1
9.440000000000000e-2 8.885254773299962e-1
9.460000000000000e-2 8.563183440158291e-1
9.480000000000000e-2 8.984336473254301e-1
9.500000000000000e-2 8.868725372478058e-1
9.520000000000000e-2 8.637506553246182e-1
9.540000000000000e-2 8.860448833944970e-1
9.560000000000000e-2 8.868725372478058e-1
9.580000000000000e-2 8.777903299453755e-1
9.600000000000000e-2 8.769660584126770e-1
9.620000000000000e-2 8.439299183169573e-1
9.640000000000000e-2 8.951331788740254e-1
9.660000000000000e-2 9.157734521655307e-1
9.680000000000000e-2 8.860428540021307e-1
9.700000000000000e-2 8.827430620148485e-1
9.720000000000000e-2 8.876944411560771e-1
9.740000000000000e-2 8.876947793881382e-1
9.760000000000000e-2 8.967817219394226e-1
9.780000000000000e-2 8.934792240956520e-1
9.800000000000000e-2 8.885187126887757e-1
9.820000000000000e-2 8.926542760988314e-1
9.840000000000000e-2 8.951301347854763e-1
9.860000000000000e-2 8.819221728027600e-1
9.880000000000000e-2 8.563203734081954e-1
9.900000000000000e-2 8.959564357105411e-1
9.920000000000000e-2 8.860496186433512e-1
9.940000000000000e-2 8.736591635521130e-1
9.960000000000000e-2 8.604495104090917e-1
9.980000000000000e-2 8.876947793881382e-1
1.000000000000000e-1 8.843960020970389e-1
1.002000000000000e-1 8.720079146302278e-1
1.004000000000000e-1 8.827417090866043e-1
1.006000000000000e-1 8.579729752583246e-1
1.008000000000000e-1 8.678784393972706e-1
1.010000000000000e-1 8.777876240888874e-1
1.012000000000000e-1 9.017344540088955e-1
1.014000000000000e-1 8.976070081683043e-1
1.016000000000000e-1 8.786142632460131e-1
1.018000000000000e-1 8.670545060966328e-1
1.020000000000000e-1 8.843949874008557e-1
1.022000000000000e-1 8.687016962337861e-1
1.024000000000000e-1 8.769657201806158e-1
1.026000000000000e-1 9.009115354044410e-1
1.028000000000000e-1 8.967786778508734e-1
1.030000000000000e-1 8.901750350915763e-1
1.032000000000000e-1 9.000848962473152e-1
1.034000000000000e-1 8.852195971656152e-1
1.036000000000000e-1 8.852246706465307e-1
1.038000000000000e-1 9.025607549339602e-1
1.040000000000000e-1 8.695290118550338e-1
1.042000000000000e-1 8.992575806260675e-1
1.044000000000000e-1 9.091664270856235e-1
1.046000000000000e-1 8.860462363227411e-1
1.048000000000000e-1 8.802688944885085e-1
1.050000000000000e-1 9.025644754866314e-1
1.052000000000000e-1 9.223825066378042e-1
1.054000000000000e-1 8.810945189494512e-1
1.056000000000000e-1 9.017344540088955e-1
1.058000000000000e-1 8.720096057905330e-1
1.060000000000000e-1 8.852175677732493e-1
1.062000000000000e-1 8.794436082596269e-1
1.064000000000000e-1 9.124668955370278e-1
1.066000000000000e-1 9.108193671678139e-1
1.068000000000000e-1 9.009115354044410e-1
1.070000000000000e-1 8.802665268640813e-1
1.072000000000000e-1 8.934771947032859e-1
1.074000000000000e-1 9.000862491755594e-1
1.076000000000000e-1 8.810901219326581e-1
1.078000000000000e-1 8.893504253268168e-1
1.080000000000000e-1 8.901757115556982e-1
1.082000000000000e-1 8.810914748609021e-1
1.084000000000000e-1 9.149471512404659e-1
1.086000000000000e-1 9.058652821700968e-1
1.088000000000000e-1 9.108197053998747e-1
1.090000000000000e-1 8.901760497877594e-1
1.092000000000000e-1 9.042126803199675e-1
1.094000000000000e-1 8.893490723985725e-1
1.096000000000000e-1 8.777886387850704e-1
1.098000000000000e-1 9.000852344793763e-1
1.100000000000000e-1 8.918256075493395e-1
1.102000000000000e-1 8.678757335407822e-1
1.104000000000000e-1 8.596208418595998e-1
1.106000000000000e-1 8.876934264598941e-1
1.108000000000000e-1 9.124685866973330e-1
1.110000000000000e-1 9.033884087872690e-1
1.112000000000000e-1 8.992555512337014e-1
1.114000000000000e-1 8.926519084744043e-1
1.116000000000000e-1 9.033860411628418e-1
1.118000000000000e-1 9.009135647968070e-1
1.120000000000000e-1 8.868708460875006e-1
1.122000000000000e-1 8.959550827822970e-1
1.124000000000000e-1 9.066912448631005e-1
1.126000000000000e-1 9.248570123962051e-1
1.128000000000000e-1 9.240317261673234e-1
1.130000000000000e-1 9.182499873162978e-1
1.132000000000000e-1 8.967827366356058e-1
1.134000000000000e-1 9.207282136273698e-1
1.136000000000000e-1 9.281618778644027e-1
1.138000000000000e-1 9.240310497032014e-1
1.140000000000000e-1 9.256873721060019e-1
1.142000000000000e-1 8.967817219394226e-1
1.144000000000000e-1 8.984322943971859e-1
1.146000000000000e-1 9.083387732323147e-1
1.148000000000000e-1 8.976043023118162e-1
1.150000000000000e-1 9.132975934788858e-1
1.152000000000000e-1 8.951294583213542e-1
1.154000000000000e-1 8.976056552400602e-1
1.156000000000000e-1 9.314616698516853e-1
1.158000000000000e-1 9.182540461010299e-1
1.160000000000000e-1 9.108217347922410e-1
1.162000000000000e-1 9.025617696301432e-1
1.164000000000000e-1 9.108149701510206e-1
1.166000000000000e-1 8.819191287142109e-1
1.168000000000000e-1 9.174260540156603e-1
1.170000000000000e-1 8.918300045661328e-1
1.172000000000000e-1 9.232010282254656e-1
1.174000000000000e-1 9.182523549407248e-1
1.176000000000000e-1 9.240344320238115e-1
1.178000000000000e-1 9.182560754933960e-1
1.180000000000000e-1 9.017388510256888e-1
1.182000000000000e-1 9.050369518526662e-1
1.184000000000000e-1 9.141178062268522e-1
1.186000000000000e-1 9.273352387072770e-1
1.188000000000000e-1 8.744888467977880e-1
1.190000000000000e-1 9.033894234834520e-1
1.192000000000000e-1 9.215568821768616e-1
1.194000000000000e-1 9.066932742554667e-1
1.196000000000000e-1 9.025624460942651e-1
1.198000000000000e-1 8.893473812382675e-1
1.200000000000000e-1 9.116453298608174e-1
1.202000000000000e-1 9.017364834012616e-1
1.204000000000000e-1 9.331159628621197e-1
1.206000000000000e-1 9.347668735519440e-1
1.208000000000000e-1 9.215592498012886e-1
1.210000000000000e-1 8.926529231705874e-1
1.212000000000000e-1 9.066912448631005e-1
1.214000000000000e-1 9.174240246232939e-1
1.216000000000000e-1 9.166011060188395e-1
1.218000000000000e-1 9.091664270856235e-1
1.220000000000000e-1 9.124689249293941e-1
1.222000000000000e-1 9.223804772454381e-1
1.224000000000000e-1 9.265123201028224e-1
1.226000000000000e-1 9.331125805415094e-1
1.228000000000000e-1 9.149474894725272e-1
1.230000000000000e-1 9.075172075561043e-1
1.232000000000000e-1 9.372444233988941e-1
1.234000000000000e-1 9.165987383944123e-1
1.236000000000000e-1 9.132975934788858e-1
1.238000000000000e-1 9.372447616309550e-1
1.240000000000000e-1 9.281561279193654e-1
1.242000000000000e-1 9.108203818639970e-1
1.244000000000000e-1 9.347641676954558e-1
1.246000000000000e-1 9.438534778711675e-1
1.248000000000000e-1 9.322889854729330e-1
1.250000000000000e-1 8.926539378667704e-1
1.252000000000000e-1 9.223764184607059e-1
1.254000000000000e-1 9.132928582300315e-1
1.256000000000000e-1 9.033890852513909e-1
1.258000000000000e-1 9.331146099338757e-1
1.260000000000000e-1 9.190813617222776e-1
1.262000000000000e-1 9.108163230792646e-1
1.264000000000000e-1 9.380730919483858e-1
1.266000000000000e-1 9.273386210278872e-1
1.268000000000000e-1 9.091664270856235e-1
1.270000000000000e-1 9.017337775447733e-1
1.272000000000000e-1 9.570580575332736e-1
1.274000000000000e-1 9.413732221677293e-1
1.276000000000000e-1 9.314643757081734e-1
1.278000000000000e-1 9.281628925605858e-1
1.280000000000000e-1 9.199032656305490e-1
1.282000000000000e-1 9.289881787894674e-1
1.284000000000000e-1 9.256856809456968e-1
1.286000000000000e-1 9.232074546346248e-1
1.288000000000000e-1 9.141245708680726e-1
1.290000000000000e-1 9.075202516446534e-1
1.292000000000000e-1 9.529353469415365e-1
1.294000000000000e-1 9.083445231773520e-1
1.296000000000000e-1 8.876984999408093e-1
1.298000000000000e-1 9.223757419965838e-1
1.300000000000000e-1 9.455040503289307e-1
1.302000000000000e-1 9.091742064230269e-1
1.304000000000000e-1 9.223801390133770e-1
1.306000000000000e-1 9.397223114779050e-1
1.308000000000000e-1 9.273342240110939e-1
1.310000000000000e-1 9.380707243239587e-1
1.312000000000000e-1 9.289868258612232e-1
1.314000000000000e-1 9.182543843330909e-1
1.316000000000000e-1 9.306353689266205e-1
1.318000000000000e-1 9.306373983189866e-1
1.320000000000000e-1 9.124689249293941e-1
1.322000000000000e-1 9.240310497032014e-1
1.324000000000000e-1 9.347651823916389e-1
1.326000000000000e-1 8.959574504067240e-1
1.328000000000000e-1 9.215534998562515e-1
1.330000000000000e-1 9.157700698449206e-1
1.332000000000000e-1 9.364191371700123e-1
1.334000000000000e-1 9.496338637939491e-1
1.336000000000000e-1 9.496308197053997e-1
1.338000000000000e-1 9.388949958566573e-1
1.340000000000000e-1 9.273352387072770e-1
1.342000000000000e-1 9.124689249293941e-1
1.344000000000000e-1 9.207285518594307e-1
1.346000000000000e-1 9.017385127936277e-1
1.348000000000000e-1 9.256836515533307e-1
1.350000000000000e-1 9.438500955505573e-1
1.352000000000000e-1 9.438467132299470e-1
1.354000000000000e-1 9.199046185587931e-1
1.356000000000000e-1 9.372423940065278e-1
1.358000000000000e-1 9.438524631749843e-1
1.360000000000000e-1 9.314667433326006e-1
1.362000000000000e-1 9.248593800206320e-1
1.364000000000000e-1 9.455010062403816e-1
1.366000000000000e-1 9.339432784833675e-1
1.368000000000000e-1 9.132928582300315e-1
1.370000000000000e-1 9.165987383944123e-1
1.372000000000000e-1 9.232044105460757e-1
1.374000000000000e-1 9.174196276065008e-1
1.376000000000000e-1 9.240354467199946e-1
1.378000000000000e-1 9.099930662427493e-1
1.380000000000000e-1 9.339432784833675e-1
1.382000000000000e-1 9.430271769461027e-1
1.384000000000000e-1 9.298134650183491e-1
1.386000000000000e-1 9.182526931727858e-1
1.388000000000000e-1 9.256816221609646e-1
1.390000000000000e-1 9.050399959412154e-1
1.392000000000000e-1 9.273294887622398e-1
1.394000000000000e-1 9.066885390066125e-1
1.396000000000000e-1 9.248617476450592e-1
1.398000000000000e-1 9.124723072500042e-1
1.400000000000000e-1 9.182526931727858e-1
1.402000000000000e-1 9.223821684057432e-1
1.404000000000000e-1 9.207285518594307e-1
1.406000000000000e-1 9.207343018044680e-1
1.408000000000000e-1 9.265075848539682e-1
1.410000000000000e-1 9.149461365442829e-1
1.412000000000000e-1 9.537616478666013e-1
1.414000000000000e-1 9.273365916355211e-1
1.416000000000000e-1 9.314640374761123e-1
1.418000000000000e-1 9.132979317109469e-1
1.420000000000000e-1 9.298141414824712e-1
1.422000000000000e-1 9.298100826977389e-1
1.424000000000000e-1 9.471512404660838e-1
1.426000000000000e-1 9.545821988466286e-1
1.428000000000000e-1 9.265102907104565e-1
1.430000000000000e-1 9.232091457949299e-1
1.432000000000000e-1 9.289827670764912e-1
1.434000000000000e-1 9.157731139334698e-1
1.436000000000000e-1 9.355904686205205e-1
1.438000000000000e-1 9.488031658520912e-1
1.440000000000000e-1 9.554108673961205e-1
1.442000000000000e-1 9.430278534102248e-1
1.444000000000000e-1 9.190779794016675e-1
1.446000000000000e-1 9.256856809456968e-1
1.448000000000000e-1 9.207295665556138e-1
1.450000000000000e-1 9.190813617222776e-1
1.452000000000000e-1 9.322957501141533e-1
1.454000000000000e-1 9.380730919483858e-1
1.456000000000000e-1 9.521076930882278e-1
1.458000000000000e-1 9.347672117840050e-1
1.460000000000000e-1 9.273349004752160e-1
1.462000000000000e-1 9.372434087027109e-1
1.464000000000000e-1 9.182493108521757e-1
1.466000000000000e-1 9.149474894725272e-1
1.468000000000000e-1 9.504564441663424e-1
1.470000000000000e-1 9.339432784833675e-1
1.472000000000000e-1 9.570590722294566e-1
1.474000000000000e-1 9.479799090155757e-1
1.476000000000000e-1 9.298134650183491e-1
1.478000000000000e-1 9.380727537163246e-1
1.480000000000000e-1 9.273369298675822e-1
1.482000000000000e-1 9.314660668684784e-1
1.484000000000000e-1 9.331173157903638e-1
1.486000000000000e-1 9.355952038693747e-1
1.488000000000000e-1 9.405523329556410e-1
1.490000000000000e-1 9.413742368639123e-1
1.492000000000000e-1 9.306424717999021e-1
1.494000000000000e-1 9.388970252490234e-1
1.496000000000000e-1 9.116449916287565e-1
1.498000000000000e-1 9.306387512472307e-1
1.500000000000000e-1 9.232091457949299e-1
1.502000000000000e-1 9.223791243171939e-1
1.504000000000000e-1 8.943072161810218e-1
1.506000000000000e-1 9.149488424007712e-1
1.508000000000000e-1 9.339395579306962e-1
1.510000000000000e-1 9.364194754020734e-1
1.512000000000000e-1 9.455010062403816e-1
1.514000000000000e-1 9.405421859938104e-1
1.516000000000000e-1 9.521144577294482e-1
1.518000000000000e-1 9.397168997649286e-1
1.520000000000000e-1 9.512810539311022e-1
1.522000000000000e-1 9.554084997716934e-1
1.524000000000000e-1 9.496338637939491e-1
1.526000000000000e-1 9.587153946322571e-1
1.528000000000000e-1 9.669719774737448e-1
1.530000000000000e-1 9.479778796232096e-1
1.532000000000000e-1 9.653227579442254e-1
1.534000000000000e-1 9.372474674874432e-1
1.536000000000000e-1 9.182493108521757e-1
1.538000000000000e-1 9.562320948402698e-1
1.540000000000000e-1 9.446787641000490e-1
1.542000000000000e-1 9.413732221677293e-1
1.544000000000000e-1 9.405442153861763e-1
1.546000000000000e-1 9.760595964891510e-1
1.548000000000000e-1 9.529329793171094e-1
1.550000000000000e-1 9.554098526999374e-1
1.552000000000000e-1 9.628384434560552e-1
1.554000000000000e-1 9.372396881500397e-1
1.556000000000000e-1 9.380720772522027e-1
1.558000000000000e-1 9.446743670832558e-1
1.560000000000000e-1 9.496311579374610e-1
1.562000000000000e-1 9.710984086181530e-1
1.564000000000000e-1 9.603639376976542e-1
1.566000000000000e-1 9.256833133212696e-1
1.568000000000000e-1 9.529350087094755e-1
1.570000000000000e-1 9.479795707835146e-1
1.572000000000000e-1 9.215572204089226e-1
1.574000000000000e-1 9.232044105460757e-1
1.576000000000000e-1 9.397233261740880e-1
1.578000000000000e-1 9.281635690247077e-1
1.580000000000000e-1 9.132955640865197e-1
1.582000000000000e-1 9.364191371700123e-1
1.584000000000000e-1 9.232077928666858e-1
1.586000000000000e-1 9.099930662427493e-1
1.588000000000000e-1 9.240296967749573e-1
1.590000000000000e-1 9.380697096277755e-1
1.592000000000000e-1 9.554074850755104e-1
1.594000000000000e-1 9.347699176404933e-1
1.596000000000000e-1 9.537602949383573e-1
1.598000000000000e-1 9.347685647122491e-1
1.600000000000000e-1 9.339419255551234e-1
1.602000000000000e-1 9.066922595592835e-1
1.604000000000000e-1 9.248583653244491e-1
1.606000000000000e-1 9.240330790955674e-1
1.608000000000000e-1 9.397189291572947e-1
1.610000000000000e-1 9.273372680996430e-1
1.612000000000000e-1 9.339412490910013e-1
1.614000000000000e-1 9.405475977067867e-1
1.616000000000000e-1 9.364157548494021e-1
1.618000000000000e-1 9.182526931727858e-1
1.620000000000000e-1 9.603659670900205e-1
1.622000000000000e-1 9.331146099338757e-1
1.624000000000000e-1 9.677969254705654e-1
1.626000000000000e-1 9.644944276267949e-1
1.628000000000000e-1 9.496328490977661e-1
1.630000000000000e-1 9.686218734673861e-1
1.632000000000000e-1 9.413762662562784e-1
1.634000000000000e-1 9.355904686205205e-1
1.636000000000000e-1 9.339436167154285e-1
1.638000000000000e-1 9.603679964823866e-1
1.640000000000000e-1 9.661429706921920e-1
1.642000000000000e-1 9.521093842485328e-1
1.644000000000000e-1 9.397192673893558e-1
1.646000000000000e-1 9.471492110737178e-1
1.648000000000000e-1 9.760562141685411e-1
1.650000000000000e-1 9.306407806395968e-1
1.652000000000000e-1 9.512810539311022e-1
1.654000000000000e-1 9.711014527067021e-1
1.656000000000000e-1 9.430237946254926e-1
1.658000000000000e-1 9.446750435473779e-1
1.660000000000000e-1 9.430190593766382e-1
1.662000000000000e-1 9.388970252490234e-1
1.664000000000000e-1 9.587123505437080e-1
1.666000000000000e-1 9.677979401667483e-1
1.668000000000000e-1 9.702751517816374e-1
1.670000000000000e-1 9.471566521790602e-1
1.672000000000000e-1 9.636704943261571e-1
1.674000000000000e-1 9.554125585564254e-1
1.676000000000000e-1 9.570627927821277e-1
1.678000000000000e-1 9.537592802421741e-1
1.680000000000000e-1 9.430231181613706e-1
1.682000100000000e-1 9.281561279193654e-1
1.684000000000000e-1 9.595420337893829e-1
1.686000000000000e-1 9.372440851668330e-1
1.688000000000000e-1 9.479809237117587e-1
1.690000000000000e-1 9.314660668684784e-1
1.692000100000000e-1 9.677969254705653e-1
1.694000000000000e-1 9.587133652398910e-1
1.696000000000000e-1 9.545852429351778e-1
1.698000000000000e-1 9.438531396391064e-1
1.700000000000000e-1 9.223784478530720e-1
1.702000000000000e-1 9.512786863066750e-1
1.704000000000000e-1 9.405482741709086e-1
1.706000000000000e-1 9.248583653244491e-1
1.708000000000000e-1 9.587143799360742e-1
1.710000000000000e-1 9.843161793306387e-1
1.712000000000000e-1 9.446770729397438e-1
1.714000000000000e-1 9.785310581590027e-1
1.716000000000000e-1 9.372447616309550e-1
1.718000000000000e-1 9.537606331704181e-1
1.720000100000000e-1 9.438490808543742e-1
1.722000000000000e-1 9.669702863134397e-1
1.724000000000000e-1 9.578863878507043e-1
1.726000000000000e-1 9.430234563934315e-1
1.728000000000000e-1 9.620134954592346e-1
1.730000100000000e-1 9.455040503289307e-1
1.732000000000000e-1 9.653220814801035e-1
1.734000000000000e-1 9.512790245387360e-1
1.736000000000000e-1 9.644923982344286e-1
1.738000000000000e-1 9.339436167154285e-1
1.740000100000000e-1 9.611946356395123e-1
1.742000000000000e-1 9.124723072500042e-1
1.744000000000000e-1 9.075172075561043e-1
1.746000000000000e-1 9.298148179465931e-1
1.748000000000000e-1 9.322893237049939e-1
1.750000100000000e-1 9.669696098493176e-1
1.752000000000000e-1 9.496304814733389e-1
1.754000000000000e-1 9.388949958566573e-1
1.756000000000000e-1 9.479785560873315e-1
1.758000000000000e-1 9.438497573184962e-1
1.760000100000000e-1 9.405452300823595e-1
1.762000000000000e-1 9.537569126177470e-1
1.764000000000000e-1 9.768771033806294e-1
1.766000000000000e-1 9.554074850755104e-1
1.768000000000000e-1 9.380710625560197e-1
1.770000000000000e-1 9.355924980128866e-1
1.772000000000000e-1 9.537596184742350e-1
1.774000000000000e-1 9.364218430265005e-1
1.776000000000000e-1 9.471539463225718e-1
1.778000000000000e-1 9.711011144746411e-1
1.780000000000000e-1 9.876159713179213e-1
1.782000000000000e-1 9.372444233988941e-1
1.784000000000000e-1 9.380724154842637e-1
1.786000000000000e-1 9.686242410918131e-1
1.788000100000000e-1 9.479788943193925e-1
1.790000000000000e-1 9.479751737667213e-1
1.792000000000000e-1 9.636681267017301e-1
1.794000000000000e-1 9.537565743856859e-1
1.796000000000000e-1 9.603649523938374e-1
1.798000100000000e-1 9.529380527980248e-1
1.800000000000000e-1 9.752248397625610e-1
1.802000000000000e-1 9.611899003906579e-1
1.804000000000000e-1 9.677938813820162e-1
1.806000000000000e-1 9.521131048012040e-1
1.808000000000000e-1 9.554132350205477e-1
1.810000000000000e-1 9.669746833302330e-1
1.812000000000000e-1 9.545859193992998e-1
1.814000000000000e-1 9.438500955505573e-1
1.816000000000000e-1 9.479768649270266e-1
1.818000000000000e-1 9.331179922544858e-1
1.820000000000000e-1 9.314640374761123e-1
1.822000000000000e-1 9.653230961762867e-1
1.824000000000000e-1 9.306343542304374e-1
1.826000000000000e-1 9.372467910233211e-1
1.828000000000000e-1 9.430248093216757e-1
1.830000000000000e-1 9.611912533189022e-1
1.832000000000000e-1 9.777047572339381e-1
1.834000000000000e-1 9.595393279328947e-1
1.836000000000000e-1 9.669672422248906e-1
1.838000000000000e-1 9.421968172363058e-1
1.840000000000000e-1 9.488051952444573e-1
1.842000000000000e-1 9.446740288511947e-1
1.844000000000000e-1 9.223818301736821e-1
1.846000000000000e-1 9.537592802421741e-1
1.848000000000000e-1 9.207285518594307e-1
1.850000000000000e-1 9.512810539311022e-1
1.852000000000000e-1 9.488041805482742e-1
1.854000000000000e-1 9.570614398538838e-1
1.856000000000000e-1 9.421958025401227e-1
1.858000000000000e-1 9.463283218616293e-1
1.860000000000000e-1 9.686208587712030e-1
1.862000000000000e-1 9.859647223960360e-1
1.864000000000000e-1 9.537569126177470e-1
1.866000000000000e-1 9.479788943193925e-1
1.868000000000000e-1 9.537646919551504e-1
1.870000000000000e-1 9.702744753175154e-1
1.872000000000000e-1 9.719264007035227e-1
1.874000000000000e-1 9.760568906326630e-1
1.876000000000000e-1 9.925690416194552e-1
1.878000000000000e-1 9.727530398606483e-1
1.880000000000000e-1 9.669719774737448e-1
1.882000000000000e-1 9.603673200182645e-1
1.884000000000000e-1 9.644957805550387e-1
1.886000000000000e-1 9.512773333784309e-1
1.888000000000000e-1 9.677979401667483e-1
1.890000000000000e-1 9.644927364664896e-1
1.892000000000000e-1 9.512854509478954e-1
1.894000000000000e-1 9.446736906191338e-1
1.896000000000000e-1 9.413705163112410e-1
1.898000000000000e-1 9.488099304933114e-1
1.900000000000000e-1 9.372407028462227e-1
1.902000000000000e-1 9.322889854729330e-1
1.904000000000000e-1 9.686239028597522e-1
1.906000000000000e-1 9.810072550777088e-1
1.908000000000000e-1 9.529336557812315e-1
1.910000000000000e-1 9.710994233143360e-1
1.912000000000000e-1 9.372511880401142e-1
1.914000000000000e-1 9.644944276267949e-1
1.916000000000000e-1 9.471536080905110e-1
1.918000000000000e-1 9.702775194060645e-1
1.920000000000000e-1 9.867906850890395e-1
1.922000000000000e-1 1.000000000000000e+0
1.924000000000000e-1 9.636667737734859e-1
1.926000000000000e-1 9.405486124029696e-1
1.928000000000000e-1 9.496294667771558e-1
1.930000000000000e-1 9.397233261740880e-1
1.932000000000000e-1 9.256873721060019e-1
1.934000000000000e-1 9.711014527067021e-1
1.936000000000000e-1 9.686242410918131e-1
1.938000000000000e-1 9.347672117840050e-1
1.940000000000000e-1 9.727510104682822e-1
1.942000000000000e-1 9.455006680083205e-1
1.944000000000000e-1 9.479795707835146e-1
1.946000000000000e-1 9.463293365578123e-1
1.948000000000000e-1 9.628408110804824e-1
1.950000000000000e-1 9.719267389355837e-1
1.952000000000000e-1 9.479839678003078e-1
1.954000000000000e-1 9.636684649337910e-1
1.956000000000000e-1 9.562398741776733e-1
1.958000000000000e-1 9.620168777798446e-1
1.960000000000000e-1 9.752278838511101e-1
1.962000000000000e-1 9.694441156077186e-1
1.964000000000000e-1 9.710967174578478e-1
1.966000000000000e-1 9.611888856944750e-1
1.968000000000000e-1 9.413728839356682e-1
1.970000000000000e-1 9.521093842485328e-1
1.972000000000000e-1 9.686198440750198e-1
1.974000000000000e-1 9.273342240110939e-1
1.976000000000000e-1 9.355884392281544e-1
1.978000000000000e-1 9.727520251644653e-1
1.980000000000000e-1 9.595403426290778e-1
1.982000000000000e-1 9.603656288579595e-1
1.984000000000000e-1 9.512830833234682e-1
1.986000000000000e-1 9.446757200114998e-1
1.988000000000000e-1 9.521066783920446e-1
1.990000000000000e-1 9.463293365578123e-1
1.992000000000000e-1 9.777054336980603e-1
1.994000000000000e-1 9.603663053220814e-1
1.996000000000000e-1 9.331132570056315e-1
1.998000000000000e-1 9.603622465373493e-1
 9.578867260827654e-1
